# MJD Lν eLν filter
5.719709738300000026e+04 2.158097993313339715e+45 9.372500499025810743e+43 1.928000000000000269e-01
5.719978981200000271e+04 2.099283831634359533e+45 9.117073840275567561e+43 1.928000000000000269e-01
5.720181958699999814e+04 1.811636912374110941e+45 7.867839142565180119e+43 1.928000000000000269e-01
5.720563737799999944e+04 1.714238169390509506e+45 7.444841776343594260e+43 1.928000000000000269e-01
5.720866380400000344e+04 1.452349571473819709e+45 6.307474046857429699e+43 1.928000000000000269e-01
5.721165857500000129e+04 1.300382633558621734e+45 7.059362526468397824e+43 1.928000000000000269e-01
5.721467308900000353e+04 1.132585926840597316e+45 6.148447728854311020e+43 1.928000000000000269e-01
5.721471246399999654e+04 1.061869534584742696e+45 8.070371389000951900e+43 1.928000000000000269e-01
5.721657856599999650e+04 9.864411047748837553e+44 6.426088927896280694e+43 1.928000000000000269e-01
5.721724868599999900e+04 9.864411047748837553e+44 4.284059285264186634e+43 1.928000000000000269e-01
5.721764336699999694e+04 1.042488231334149198e+45 7.923070510558970834e+43 1.928000000000000269e-01
5.721980333399999654e+04 8.055104165427599224e+44 6.996574580403636575e+43 1.928000000000000269e-01
5.722053854699999647e+04 7.981254526546152997e+44 6.065875899202635695e+43 1.928000000000000269e-01
5.722168490700000257e+04 7.981254526546152997e+44 5.199322199316543891e+43 1.928000000000000269e-01
5.722351332299999922e+04 6.761937634122040761e+44 3.670840251842273290e+43 1.928000000000000269e-01
5.722651908299999923e+04 5.273162572568034912e+44 2.862631759307383627e+43 1.928000000000000269e-01
5.722926717400000052e+04 4.809181423865070206e+44 3.132901432287353685e+43 1.928000000000000269e-01
5.723289631499999814e+04 3.855415250367896245e+44 2.511578353020631754e+43 1.928000000000000269e-01
5.724112440100000094e+04 3.006568900807450449e+44 1.958604424623900906e+43 1.928000000000000269e-01
5.724488391199999751e+04 2.410300333840920262e+44 1.831865235754184572e+43 1.928000000000000269e-01
5.724847212700000091e+04 2.158097993313608774e+44 1.405875074853871265e+43 1.928000000000000269e-01
5.725070543799999723e+04 2.280715745932649822e+44 2.723881223933123743e+43 1.928000000000000269e-01
5.725369794199999887e+04 2.239087992182691251e+44 2.917270678502321993e+43 1.928000000000000269e-01
5.725569504099999904e+04 1.862392272208575315e+44 1.415446702179025542e+43 1.928000000000000269e-01
5.725940358299999934e+04 1.520796698039992283e+44 1.651184035138636375e+43 1.928000000000000269e-01
5.726272911200000090e+04 1.652232501062877792e+44 1.255722051557428745e+43 1.928000000000000269e-01
5.726556179900000279e+04 1.374267135822473658e+44 3.133392327180605977e+43 1.928000000000000269e-01
5.726878624600000330e+04 1.932284903816280244e+44 1.678361342384732313e+43 1.928000000000000269e-01
5.727260614899999928e+04 1.950164115898995315e+44 1.482154650096167526e+43 1.928000000000000269e-01
5.727287666500000341e+04 2.080037481780297153e+44 2.032534801100516585e+43 1.928000000000000269e-01
5.727735826400000224e+04 2.716884404924509756e+44 1.769891857541571531e+43 1.928000000000000269e-01
5.728288087800000358e+04 2.844927222150708240e+44 1.853304290994598900e+43 1.928000000000000269e-01
5.728340953599999921e+04 2.793001448388044667e+44 1.819477675474076508e+43 1.928000000000000269e-01
5.728437207299999864e+04 2.924631551354605601e+44 1.905227016530177986e+43 1.928000000000000269e-01
5.728477255000000150e+04 2.871251009633712303e+44 1.870452704464591777e+43 1.928000000000000269e-01
5.729087327099999675e+04 3.206794727812736448e+44 2.089039882328267702e+43 1.928000000000000269e-01
5.729356727600000158e+04 3.648137182394499402e+44 2.376548771310011229e+43 1.928000000000000269e-01
5.729662740299999859e+04 3.855415250367896245e+44 2.092981960850526627e+43 1.928000000000000269e-01
5.729864492700000119e+04 3.750344481302741001e+44 2.035942391832616254e+43 1.928000000000000269e-01
5.729951571500000136e+04 3.855415250367896245e+44 2.092981960850526627e+43 1.928000000000000269e-01
5.730257331300000078e+04 3.715961116427040582e+44 2.017276759789138190e+43 1.928000000000000269e-01
5.730548972399999911e+04 4.508905787433993787e+44 2.447741128630273825e+43 1.928000000000000269e-01
5.730745222600000125e+04 4.765090583552853151e+44 3.104178819310656457e+43 1.928000000000000269e-01
5.730967833000000246e+04 4.635228636198931357e+44 3.522844883356978865e+43 1.928000000000000269e-01
5.731130859300000157e+04 5.129454252989010851e+44 3.341540515874427315e+43 1.928000000000000269e-01
5.731323872100000153e+04 4.809181423865070206e+44 3.132901432287353685e+43 1.928000000000000269e-01
5.731624103699999978e+04 4.809181423865070206e+44 2.610751193572795233e+43 1.928000000000000269e-01
5.731776894000000175e+04 4.305971598068611751e+44 2.805089556409986834e+43 1.928000000000000269e-01
5.731976388299999962e+04 4.112170951774402705e+44 2.678839729497699496e+43 1.928000000000000269e-01
5.732534162500000093e+04 3.785045991536568195e+44 2.465736881811530445e+43 1.928000000000000269e-01
5.732852987700000085e+04 4.635228636198931357e+44 2.516317773826413475e+43 1.928000000000000269e-01
5.733018644399999903e+04 4.809181423865070206e+44 2.610751193572795233e+43 1.928000000000000269e-01
5.733105913300000248e+04 4.898590781940523764e+44 3.191146418550352260e+43 1.928000000000000269e-01
5.733458383899999899e+04 4.592732604627584822e+44 2.991897640570362660e+43 1.928000000000000269e-01
5.734343778000000020e+04 4.508905787433993787e+44 2.937289354356328491e+43 1.928000000000000269e-01
5.734619374699999753e+04 4.467567890701429018e+44 2.425300103074725768e+43 1.928000000000000269e-01
5.734921930299999804e+04 4.853680231702767669e+44 3.161889812329799616e+43 1.928000000000000269e-01
5.735363153900000179e+04 4.592732604627584822e+44 5.485145674378999943e+43 1.928000000000000269e-01
5.735623171000000002e+04 5.129454252989010851e+44 2.784617096562023422e+43 1.928000000000000269e-01
5.735931978900000104e+04 4.721403970493517624e+44 3.075719536832478705e+43 1.928000000000000269e-01
5.736284050199999911e+04 4.943916884384002720e+44 3.220673732815175493e+43 1.928000000000000269e-01
5.736510073399999965e+04 4.721403970493517624e+44 3.075719536832478705e+43 1.928000000000000269e-01
5.736639260099999956e+04 4.989662384085140248e+44 9.751422779865280253e+43 1.928000000000000269e-01
5.736895557299999928e+04 4.508905787433993787e+44 2.937289354356328491e+43 1.928000000000000269e-01
5.737141838299999654e+04 4.227378759106344785e+44 2.753890901992350769e+43 1.928000000000000269e-01
5.737440705899999739e+04 3.891088968457875222e+44 2.534817701393806877e+43 1.928000000000000269e-01
5.737719794700000057e+04 4.150220401119000721e+44 2.703626728332423149e+43 1.928000000000000269e-01
5.738092357500000071e+04 3.820068590891246530e+44 2.488552064273998369e+43 1.928000000000000269e-01
5.738328536300000269e+04 3.820068590891246530e+44 2.903310741652998923e+43 1.928000000000000269e-01
5.738587197200000082e+04 4.074470341878162226e+44 5.308559958468424225e+43 1.928000000000000269e-01
5.739366404799999873e+04 3.681892980135322538e+44 2.398538706346634398e+43 1.928000000000000269e-01
5.739675713900000119e+04 3.236466834100510085e+44 2.108369530369107437e+43 1.928000000000000269e-01
5.739925112999999692e+04 3.614690859667551306e+44 2.354760441209608631e+43 1.928000000000000269e-01
5.742774664499999926e+04 2.198220030566108939e+44 1.670680951247102576e+43 1.928000000000000269e-01
5.742965007699999842e+04 1.986420373746883200e+44 1.941055665881549240e+43 1.928000000000000269e-01
5.743350684200000251e+04 1.795027725327626667e+44 1.754033930939551542e+43 1.928000000000000269e-01
5.743732189500000095e+04 1.811636912374563730e+44 1.770263807077165651e+43 1.928000000000000269e-01
5.744740972499999771e+04 1.932284903816280244e+44 1.468566174586640619e+43 1.928000000000000269e-01
5.744993359600000258e+04 2.023350685753811677e+44 1.977142585000591800e+43 1.928000000000000269e-01
5.745016586799999641e+04 1.795027725327626667e+44 2.533604566912685754e+43 1.928000000000000269e-01
5.745421822399999655e+04 1.778570812222807411e+44 1.544846978845099701e+43 1.928000000000000269e-01
5.745608111800000188e+04 2.060967583522237385e+44 1.566366985584076960e+43 1.928000000000000269e-01
5.745764415800000279e+04 1.778570812222807411e+44 1.931058723556374379e+43 1.928000000000000269e-01
5.746555880500000058e+04 1.795027725327626667e+44 1.364248612952984561e+43 1.928000000000000269e-01
5.747034040700000332e+04 1.778570812222807411e+44 1.351741106489462239e+43 1.928000000000000269e-01
5.747222580800000287e+04 1.778570812222807411e+44 2.703482212978924477e+43 1.928000000000000269e-01
5.747568122099999891e+04 1.563403791722038943e+44 1.188210869530129109e+43 1.928000000000000269e-01
5.747754963200000202e+04 1.682949796645786024e+44 1.827239525008661730e+43 1.928000000000000269e-01
5.748030161000000226e+04 1.479350765947576276e+44 1.284947748900762688e+43 1.928000000000000269e-01
5.748748048500000004e+04 1.300382633558953739e+44 1.976621507411151955e+43 1.928000000000000269e-01
5.748904097200000251e+04 1.549070419604695860e+44 2.018258205941622700e+43 1.928000000000000269e-01
5.750270870000000286e+04 1.465787996602462016e+44 1.432313186770060988e+43 1.928000000000000269e-01
5.750539684200000193e+04 1.386983073069163518e+44 1.355307964036092692e+43 1.928000000000000269e-01
5.750895985500000097e+04 1.465787996602462016e+44 1.273167277128943018e+43 1.928000000000000269e-01
5.751188612799999828e+04 1.324558551718280128e+44 1.294309057430276828e+43 1.928000000000000269e-01
5.751593042900000000e+04 1.276647975635405198e+44 1.247492635090679899e+43 1.928000000000000269e-01
5.751683561999999802e+04 1.374267135822473658e+44 1.492091584371717226e+43 1.928000000000000269e-01
5.752062116599999717e+04 1.153642271311573975e+44 1.628316535693090015e+43 1.928000000000000269e-01
5.752376587699999800e+04 1.264943596642249269e+44 1.236055553866308144e+43 1.928000000000000269e-01
5.752796124099999724e+04 1.399816669434566411e+44 1.823797965634861026e+43 1.928000000000000269e-01
5.752892635400000290e+04 8.055104165429241029e+43 2.186429556376136739e+43 1.928000000000000269e-01
5.753360585400000127e+04 7.414317179496510580e+43 2.173498000741676213e+43 1.928000000000000269e-01
5.755275245900000300e+04 1.081611163165413618e+44 1.409213279183089955e+43 1.928000000000000269e-01
5.755487765100000252e+04 1.153642271311573975e+44 1.252551181302376782e+43 1.928000000000000269e-01
5.755736680699999852e+04 9.595578460895614662e+43 9.376440246532489390e+42 1.928000000000000269e-01
5.756022053500000038e+04 1.175090082453157728e+44 1.148254061734448015e+43 1.928000000000000269e-01
5.756320789599999989e+04 1.132585926841042697e+44 1.598596409502121113e+43 1.928000000000000269e-01
5.756943509900000208e+04 8.913969851881581977e+43 1.451732969446544137e+43 1.928000000000000269e-01
5.757820616699999664e+04 8.512775120565517284e+43 8.318365336226006844e+42 1.928000000000000269e-01
5.758504851900000358e+04 7.692564757615383887e+43 9.187305671268413929e+42 1.928000000000000269e-01
5.759185437000000093e+04 6.761937634123622155e+43 7.341680503684546085e+42 1.928000000000000269e-01
5.760043711500000063e+04 9.163706288742302395e+43 1.790886183742308231e+43 1.928000000000000269e-01
5.760143357500000275e+04 6.638518363130298153e+43 1.585689541216493516e+43 1.928000000000000269e-01
5.760160321999999724e+04 6.699943817262341716e+43 8.001808729471821097e+42 1.928000000000000269e-01
5.760808745900000213e+04 6.824505072709834696e+43 1.556018569769280872e+43 1.928000000000000269e-01
5.760944149099999777e+04 7.146134087952640044e+43 1.318998805568887150e+43 1.928000000000000269e-01
5.761156875600000058e+04 6.824505072709834696e+43 8.891534684395892644e+42 1.928000000000000269e-01
5.761555013100000360e+04 7.763743182955140444e+43 8.429377058178514722e+42 1.928000000000000269e-01
5.762252580199999647e+04 5.371197984229083760e+43 1.108023781736266229e+43 1.928000000000000269e-01
5.762671618299999682e+04 5.420897067272489132e+43 1.000562915394833827e+43 1.928000000000000269e-01
5.763043403799999942e+04 5.273162572570000166e+43 9.732947981645101063e+42 1.928000000000000269e-01
5.763291441900000063e+04 7.015702441392510801e+43 1.523440428485969660e+43 1.928000000000000269e-01
5.764035727000000043e+04 5.321954545117887694e+43 6.356062602682727604e+42 1.928000000000000269e-01
5.764571072200000344e+04 5.624334746519714594e+43 8.549161406765827119e+42 1.928000000000000269e-01
5.765499298299999646e+04 5.035831161690119170e+43 6.014342634625766259e+42 1.928000000000000269e-01
5.766761406400000124e+04 4.809181423869703667e+43 6.265802864574706133e+42 1.928000000000000269e-01
5.767790540999999939e+04 6.638518363130298153e+43 8.649215679362687630e+42 1.928000000000000269e-01
5.768020270200000232e+04 4.765090583555051138e+43 1.500353096000151017e+43 1.928000000000000269e-01
5.768319686599999841e+04 5.624334746519714594e+43 6.717198248173149260e+42 1.928000000000000269e-01
5.768750853099999949e+04 6.517351747703579487e+43 9.198962177113078284e+42 1.928000000000000269e-01
5.768893797300000006e+04 5.889401476875405355e+43 8.952070970919475252e+42 1.928000000000000269e-01
5.770423243899999943e+04 3.927092771397238052e+43 5.969301521889889541e+42 1.928000000000000269e-01
5.771459102500000154e+04 4.550626179015562539e+43 8.893403274379218561e+42 1.928000000000000269e-01
5.771963507599999866e+04 2.118708265771195658e+43 1.334207797451495542e+43 1.928000000000000269e-01
5.772604630000000179e+04 4.467567890701428820e+43 9.216140391683955392e+42 1.928000000000000269e-01
5.773077112499999930e+04 3.483943961975880576e+43 8.700081418191095100e+42 1.928000000000000269e-01
5.774657799299999897e+04 4.305971598068611751e+43 7.480238817093297645e+42 1.928000000000000269e-01
5.775778118800000084e+04 4.989662384088968355e+43 7.042694229902704056e+42 1.928000000000000269e-01
5.779345433999999659e+04 3.927092771397238052e+43 1.151222436364478900e+43 1.928000000000000269e-01
5.779454771099999925e+04 5.224817927515267600e+43 1.077827057562804993e+43 1.928000000000000269e-01
5.779819554100000096e+04 4.809181423869703667e+43 9.398704296862059818e+42 1.928000000000000269e-01
5.788155664100000286e+04 2.897818368123427534e+43 7.551039161003341236e+42 1.928000000000000269e-01
5.832459407400000055e+04 9.334072308370242950e+42 5.877917340956157420e+42 1.928000000000000269e-01
5.915466130700000213e+04 9.773973583665912173e+42 9.550761285722076345e+42 1.928000000000000269e-01
5.916061730800000078e+04 6.517351747703578745e+42 6.368512276462900636e+42 1.928000000000000269e-01
5.719710052100000030e+04 2.954789925500136230e+45 1.283248959828098536e+44 2.246000000000000496e-01
5.719979484100000263e+04 2.719735121547179069e+45 1.181165955526472184e+44 2.246000000000000496e-01
5.720182276000000275e+04 2.390708411655568376e+45 1.297839338777302805e+44 2.246000000000000496e-01
5.720564220300000306e+04 2.180351985169356277e+45 9.469148357659271283e+43 2.246000000000000496e-01
5.720866732100000081e+04 1.847253974311116120e+45 8.022522077173290937e+43 2.246000000000000496e-01
5.721166251200000261e+04 1.579525383677555606e+45 6.859791581573345759e+43 2.246000000000000496e-01
5.721467711799999961e+04 1.467325988502067591e+45 7.965644749497018668e+43 2.246000000000000496e-01
5.721471575000000303e+04 1.301747072318897467e+45 8.480123555129953394e+43 2.246000000000000496e-01
5.722169195900000341e+04 9.173321394115292641e+44 4.979903577737548264e+43 2.246000000000000496e-01
5.722351949400000012e+04 7.916379574893111743e+44 4.297549957535487641e+43 2.246000000000000496e-01
5.722652256399999897e+04 6.524190140578773939e+44 3.541774721177536587e+43 2.246000000000000496e-01
5.722927068899999722e+04 5.950132126225223040e+44 3.230136936270648445e+43 2.246000000000000496e-01
5.723289953999999852e+04 4.597551572688285683e+44 2.995036917428199940e+43 2.246000000000000496e-01
5.724113162200000079e+04 3.361449643125326157e+44 1.824823789006230200e+43 2.246000000000000496e-01
5.724489084300000104e+04 3.037572200954214478e+44 2.308601479199979265e+43 2.246000000000000496e-01
5.724847717600000033e+04 2.694800440075938247e+44 1.755505441433151446e+43 2.246000000000000496e-01
5.725071050100000139e+04 2.795932031537636951e+44 3.035644632683359902e+43 2.246000000000000496e-01
5.725363407500000176e+04 2.954789925500295795e+44 4.170559119441321233e+43 2.246000000000000496e-01
5.725566468500000337e+04 2.304234154175884372e+44 2.251611400886084683e+43 2.246000000000000496e-01
5.725940843699999823e+04 2.120931340430251941e+44 2.072494749700182527e+43 2.246000000000000496e-01
5.726273216200000024e+04 2.006904051020463820e+44 1.525277871368071791e+43 2.246000000000000496e-01
5.726878928399999859e+04 2.160362398016324761e+44 2.111025303831974308e+43 2.246000000000000496e-01
5.727257010900000023e+04 2.621359646716809517e+44 2.846105074132419839e+43 2.246000000000000496e-01
5.727288133499999822e+04 2.526542508862328244e+44 2.468842807259040648e+43 2.246000000000000496e-01
5.727732948999999644e+04 3.269840808216227159e+44 2.485129184493158825e+43 2.246000000000000496e-01
5.728287421100000211e+04 3.519869884152033291e+44 2.675155118483165625e+43 2.246000000000000496e-01
5.728340501799999765e+04 4.270970872517559058e+44 3.246003394031811791e+43 2.246000000000000496e-01
5.728437616400000115e+04 4.472255528506917967e+44 2.427844872114832042e+43 2.246000000000000496e-01
5.728477536200000031e+04 4.231814376196920057e+44 3.216243856037054761e+43 2.246000000000000496e-01
5.729086654999999882e+04 4.154575059073733969e+44 3.157540789915048605e+43 2.246000000000000496e-01
5.729355772599999909e+04 5.734910037656210354e+44 3.735959675348970596e+43 2.246000000000000496e-01
5.729662126400000125e+04 5.578617817741248667e+44 3.634144402338398773e+43 2.246000000000000496e-01
5.729865169700000115e+04 5.327538656186218517e+44 2.892150800637064205e+43 2.246000000000000496e-01
5.729951045799999702e+04 5.182348437371504759e+44 3.375997994476832441e+43 2.246000000000000496e-01
5.730256955300000118e+04 5.578617817741248667e+44 3.634144402338398773e+43 2.246000000000000496e-01
5.730549444899999799e+04 5.734910037656210354e+44 3.735959675348970596e+43 2.246000000000000496e-01
5.730745856500000082e+04 6.060753341560633825e+44 3.290189665520813253e+43 2.246000000000000496e-01
5.730968520800000260e+04 6.116832801765461731e+44 3.984760098799853289e+43 2.246000000000000496e-01
5.731131343899999774e+04 7.088047342076956184e+44 3.847874810166412937e+43 2.246000000000000496e-01
5.731324300200000289e+04 6.288203813129530227e+44 3.413665271408591576e+43 2.246000000000000496e-01
5.731623336500000005e+04 6.060753341560633825e+44 4.606265531729138851e+43 2.246000000000000496e-01
5.731777360100000078e+04 6.894878374004438536e+44 6.737417170255354244e+43 2.246000000000000496e-01
5.731975682799999777e+04 5.182348437371504759e+44 3.938664326889639251e+43 2.246000000000000496e-01
5.732275497899999755e+04 4.994897834472035170e+44 3.796198992568588269e+43 2.246000000000000496e-01
5.732533387699999730e+04 4.770090399852026142e+44 3.625341892965049241e+43 2.246000000000000496e-01
5.732852484399999958e+04 6.116832801765461731e+44 3.984760098799853289e+43 2.246000000000000496e-01
5.733019049400000222e+04 6.060753341560633825e+44 3.948227598624975309e+43 2.246000000000000496e-01
5.733105172199999652e+04 5.841529975622405244e+44 4.439652409999227322e+43 2.246000000000000496e-01
5.733457675000000017e+04 5.895580986995982362e+44 4.480732007969039966e+43 2.246000000000000496e-01
5.734343008099999861e+04 5.578617817741248667e+44 4.239835136061465235e+43 2.246000000000000496e-01
5.734619837399999960e+04 6.005188020932419707e+44 4.564035035495687293e+43 2.246000000000000496e-01
5.734921233300000313e+04 6.288203813129530227e+44 4.779131379972028008e+43 2.246000000000000496e-01
5.735356188600000314e+04 6.116832801765461731e+44 5.313013465066472043e+43 2.246000000000000496e-01
5.735622415100000217e+04 5.376833764441722952e+44 4.086476159516777166e+43 2.246000000000000496e-01
5.735931266599999799e+04 5.734910037656210354e+44 4.358619621240465943e+43 2.246000000000000496e-01
5.736283712999999989e+04 4.858773001531892440e+44 4.220276606772572819e+43 2.246000000000000496e-01
5.736509293400000024e+04 4.903730674584918751e+44 3.726910552248756811e+43 2.246000000000000496e-01
5.736894886299999780e+04 4.640092193624665171e+44 4.030332870427515093e+43 2.246000000000000496e-01
5.737142455799999880e+04 4.726357948199150168e+44 3.592104558707776664e+43 2.246000000000000496e-01
5.737439967900000192e+04 5.230300117070145184e+44 3.975108339200695025e+43 2.246000000000000496e-01
5.737718956900000194e+04 4.858773001531892440e+44 3.692742030926001711e+43 2.246000000000000496e-01
5.738091564199999993e+04 5.134836381312421346e+44 3.902554435291812600e+43 2.246000000000000496e-01
5.738328879199999938e+04 3.895171730309357184e+44 4.229128971347236520e+43 2.246000000000000496e-01
5.738587378400000307e+04 4.858773001531892440e+44 8.440553213545145637e+43 2.246000000000000496e-01
5.739366632499999832e+04 4.193016868792356235e+44 3.186757155126599799e+43 2.246000000000000496e-01
5.739676329599999735e+04 3.967588379484956387e+44 3.015428044429117831e+43 2.246000000000000496e-01
5.739925528699999995e+04 4.078745518367743442e+44 3.099909175500775001e+43 2.246000000000000496e-01
5.742774995199999830e+04 2.770298772596414690e+44 2.406250940323948584e+43 2.246000000000000496e-01
5.742965335900000355e+04 2.412829364231523618e+44 2.619696196649705107e+43 2.246000000000000496e-01
5.743350929999999789e+04 2.621359646716809517e+44 2.561494566719177459e+43 2.246000000000000496e-01
5.743735851499999990e+04 1.988504644085774140e+44 3.454386376661765829e+43 2.246000000000000496e-01
5.744741268899999704e+04 2.390708411655893687e+44 2.076542942043684221e+43 2.246000000000000496e-01
5.744993770300000324e+04 2.220887755020375820e+44 2.652428066562587410e+43 2.246000000000000496e-01
5.745017010199999640e+04 1.830318248077937370e+44 3.378312739885069970e+43 2.246000000000000496e-01
5.745422191000000021e+04 2.304234154175884372e+44 2.251611400886084683e+43 2.246000000000000496e-01
5.745608575199999905e+04 2.325554970298506186e+44 2.272445304667473481e+43 2.246000000000000496e-01
5.746555364399999962e+04 2.082219980754022064e+44 1.808593295500333889e+43 2.246000000000000496e-01
5.747033298300000024e+04 2.241437376406652772e+44 1.946887768210222142e+43 2.246000000000000496e-01
5.747222931000000244e+04 2.025473705571399370e+44 3.738521227671609375e+43 2.246000000000000496e-01
5.747567228400000022e+04 2.220887755020375820e+44 1.929038593863700497e+43 2.246000000000000496e-01
5.747755205900000146e+04 2.006904051020463820e+44 2.396865226435541421e+43 2.246000000000000496e-01
5.748029683099999966e+04 1.731915143457289130e+44 1.692362677338403770e+43 2.246000000000000496e-01
5.748747642400000041e+04 1.623777837725131606e+44 2.644491580353068411e+43 2.246000000000000496e-01
5.748903140600000188e+04 1.608890953026986756e+44 2.445563620092894130e+43 2.246000000000000496e-01
5.749978091899999708e+04 1.494605615356383490e+44 2.109571656955396449e+43 2.246000000000000496e-01
5.750270097299999907e+04 1.550695796373420210e+44 2.188740539295520477e+43 2.246000000000000496e-01
5.750539128699999856e+04 1.594140552108089194e+44 1.903897724186552573e+43 2.246000000000000496e-01
5.750894878700000118e+04 1.731915143457289130e+44 1.880402974820449129e+43 2.246000000000000496e-01
5.751187497099999746e+04 1.414251374836195378e+44 1.689054312317479054e+43 2.246000000000000496e-01
5.751591980399999738e+04 1.565044207916874701e+44 1.699225158582360501e+43 2.246000000000000496e-01
5.751683226799999829e+04 1.508435030844853426e+44 1.965315030616442874e+43 2.246000000000000496e-01
5.752061548800000310e+04 1.608890953026986756e+44 2.445563620092894130e+43 2.246000000000000496e-01
5.752376015400000324e+04 1.350599577739212805e+44 1.759673831619006164e+43 2.246000000000000496e-01
5.752795639900000242e+04 1.594140552108089194e+44 2.596224169345298918e+43 2.246000000000000496e-01
5.752892163599999913e+04 1.102875805946188585e+44 3.233066918042461308e+43 2.246000000000000496e-01
5.753360776500000065e+04 9.173321394116954848e+43 2.091559502649770043e+43 2.246000000000000496e-01
5.755275581399999646e+04 1.401285440296236579e+44 1.521426335730060247e+43 2.246000000000000496e-01
5.755488182899999811e+04 1.254661609718894063e+44 1.226008380952725420e+43 2.246000000000000496e-01
5.755737098700000206e+04 1.289812583424621534e+44 1.120316975341381243e+43 2.246000000000000496e-01
5.756022538899999927e+04 1.338217206382690708e+44 1.162360696639975184e+43 2.246000000000000496e-01
5.756321063400000276e+04 1.401285440296236579e+44 1.825711602876072099e+43 2.246000000000000496e-01
5.756943757899999764e+04 9.966131416243314691e+43 1.514882557998988894e+43 2.246000000000000496e-01
5.757819974399999774e+04 1.062983711223618600e+44 1.154119900343642957e+43 2.246000000000000496e-01
5.758504427700000087e+04 9.966131416243314691e+43 1.298470763999132948e+43 2.246000000000000496e-01
5.759184844000000157e+04 1.082746053894180372e+44 1.293134250399099185e+43 2.246000000000000496e-01
5.760043063399999664e+04 7.286628189547381604e+43 2.215179690080776924e+43 2.246000000000000496e-01
5.760142676899999788e+04 7.153632236639648008e+43 2.097078529008025856e+43 2.246000000000000496e-01
5.760159676900000341e+04 8.600557616444432482e+43 1.120552414233840063e+43 2.246000000000000496e-01
5.760808243400000356e+04 7.630036396307622238e+43 1.822525487000555052e+43 2.246000000000000496e-01
5.760943582500000048e+04 7.088047342077180598e+43 1.616107420269892750e+43 2.246000000000000496e-01
5.761155930899999657e+04 9.517581613827688488e+43 1.446701611582223706e+43 2.246000000000000496e-01
5.761554136200000357e+04 8.366168544330144993e+43 9.991797292056640950e+42 2.246000000000000496e-01
5.762245059800000308e+04 8.289467050079439681e+43 9.000174494420819730e+42 2.246000000000000496e-01
5.762502052600000025e+04 1.102875805946188585e+44 3.233066918042461308e+43 2.246000000000000496e-01
5.762670999599999777e+04 5.787974506895386937e+43 1.571053368588351100e+43 2.246000000000000496e-01
5.763042708500000299e+04 5.327538656190158930e+43 1.446075400318532103e+43 2.246000000000000496e-01
5.763294435900000099e+04 6.706973796593561367e+43 1.674860983324915347e+43 2.246000000000000496e-01
5.764035017800000060e+04 5.682332066396667665e+43 8.637319112722911883e+42 2.246000000000000496e-01
5.764570600099999865e+04 6.894878374005380559e+43 1.422343624831685703e+43 2.246000000000000496e-01
5.765499024300000019e+04 6.958675898112610916e+43 8.310814995734520444e+42 2.246000000000000496e-01
5.766760906399999658e+04 5.787974506895386937e+43 9.426320211530104619e+42 2.246000000000000496e-01
5.767790110100000311e+04 6.116832801769350448e+43 1.261840697953286801e+43 2.246000000000000496e-01
5.768020035400000052e+04 9.517581613827688488e+43 2.996739052563176296e+43 2.246000000000000496e-01
5.768318923399999767e+04 7.354050530068504737e+43 1.117838247696252487e+43 2.246000000000000496e-01
5.768750405199999659e+04 5.895580987000451622e+43 1.280209145134011242e+43 2.246000000000000496e-01
5.768893220899999869e+04 5.376833764445078660e+43 1.401077540405752108e+43 2.246000000000000496e-01
5.770422724000000017e+04 4.858773001533011142e+43 8.968087789391718477e+42 2.246000000000000496e-01
5.771458533899999748e+04 5.950132126229003214e+43 1.356657513233672337e+43 2.246000000000000496e-01
5.771962906800000201e+04 4.683026438078128413e+43 2.084657854180980606e+43 2.246000000000000496e-01
5.772594494999999733e+04 2.549920318864739976e+43 2.796226217534239859e+43 2.246000000000000496e-01
5.772603881499999989e+04 6.346387846643433993e+43 1.515910671998306981e+43 2.246000000000000496e-01
5.773076606799999718e+04 5.376833764445078660e+43 1.401077540405752108e+43 2.246000000000000496e-01
5.774657083299999795e+04 6.230553214049231053e+43 1.014710580024807047e+43 2.246000000000000496e-01
5.775777512199999910e+04 5.787974506895386937e+43 1.005474155896544649e+43 2.246000000000000496e-01
5.779345120899999893e+04 4.814227502901486417e+43 1.359015085439041687e+43 2.246000000000000496e-01
5.779454176000000007e+04 5.476796567462298522e+43 1.367661953459439772e+43 2.246000000000000496e-01
5.779819142000000284e+04 5.278695488204281058e+43 1.203566869141723156e+43 2.246000000000000496e-01
5.788155202499999723e+04 4.154575059073734662e+43 8.570467858340842959e+42 2.246000000000000496e-01
5.832459726799999771e+04 1.970273923927818567e+43 6.417593197497890576e+42 2.246000000000000496e-01
5.915336976999999752e+04 1.764113849966101712e+43 1.130063742971834092e+43 2.246000000000000496e-01
5.915466535399999702e+04 1.005834689486311099e+43 7.862912196313958614e+42 2.246000000000000496e-01
5.916062000699999771e+04 1.082746053894180174e+43 6.700786570249876020e+42 2.246000000000000496e-01
5.719709387099999731e+04 2.070946898683950863e+45 8.994008104130938608e+43 2.600000000000000644e-01
5.719978379799999675e+04 1.959606914749928871e+45 8.510464697753781235e+43 2.600000000000000644e-01
5.720181622400000197e+04 1.837252991778789125e+45 7.979088361897913296e+43 2.600000000000000644e-01
5.720563335899999947e+04 1.570973876417760527e+45 6.822652857424515106e+43 2.600000000000000644e-01
5.720866099299999769e+04 1.330972134999758855e+45 7.225423172468358338e+43 2.600000000000000644e-01
5.721165548600000329e+04 1.225092731676092718e+45 6.650637664833974399e+43 2.600000000000000644e-01
5.721466855699999724e+04 1.107054402240029290e+45 6.009845225744881920e+43 2.600000000000000644e-01
5.721470961399999942e+04 1.067011163609684538e+45 8.109448558485252355e+43 2.600000000000000644e-01
5.721978908999999840e+04 8.244588102015617631e+44 5.370868677406207219e+43 2.600000000000000644e-01
5.722167948500000057e+04 7.801335642280896117e+44 5.082115531377288920e+43 2.600000000000000644e-01
5.722350831699999981e+04 6.921001816974852992e+44 3.757191122944052258e+43 2.600000000000000644e-01
5.722651482299999770e+04 5.863662472657366948e+44 3.183195319523873325e+43 2.600000000000000644e-01
5.722926442300000053e+04 5.250116775093891188e+44 3.420145117156911410e+43 2.600000000000000644e-01
5.723289353899999696e+04 4.170315990056634647e+44 2.716717833412110398e+43 2.600000000000000644e-01
5.724111861599999975e+04 3.252137979441215687e+44 2.118578368290288914e+43 2.600000000000000644e-01
5.724487835199999972e+04 2.705010549927879614e+44 2.055849521816576986e+43 2.600000000000000644e-01
5.724846789200000057e+04 2.705010549927879614e+44 1.762156732985637735e+43 2.600000000000000644e-01
5.725070139799999743e+04 3.021126868072666574e+44 3.280146819834551011e+43 2.600000000000000644e-01
5.725366765299999679e+04 2.806525310637401864e+44 2.437716911463521197e+43 2.600000000000000644e-01
5.725568945299999905e+04 2.536115119946090409e+44 1.927486403611983220e+43 2.600000000000000644e-01
5.725939963600000192e+04 2.466998942106341276e+44 2.410659061690372693e+43 2.600000000000000644e-01
5.726272656399999687e+04 2.444381359855638603e+44 1.857767338441823735e+43 2.600000000000000644e-01
5.726555829500000254e+04 2.559581504228316028e+44 1.945321215718968769e+43 2.600000000000000644e-01
5.726878311699999904e+04 2.559581504228316028e+44 2.223224246535964272e+43 2.600000000000000644e-01
5.727260066599999845e+04 2.858702511768701238e+44 1.862278089397963690e+43 2.600000000000000644e-01
5.727287295199999789e+04 2.806525310637401864e+44 2.437716911463521197e+43 2.600000000000000644e-01
5.727735180299999774e+04 3.565898385305933604e+44 2.322974987650884305e+43 2.600000000000000644e-01
5.728287659300000087e+04 3.533206032405290694e+44 2.301677824951371355e+43 2.600000000000000644e-01
5.728340679700000328e+04 3.598893236826625960e+44 2.344469210570594055e+43 2.600000000000000644e-01
5.728436873999999807e+04 3.733953998705195798e+44 2.432453425977424767e+43 2.600000000000000644e-01
5.728476936900000146e+04 3.733953998705195798e+44 2.432453425977424767e+43 2.600000000000000644e-01
5.729086915099999896e+04 3.632193385950351580e+44 2.366162317086305353e+43 2.600000000000000644e-01
5.729356167499999719e+04 4.056663301598854293e+44 2.642679730236999256e+43 2.600000000000000644e-01
5.729662374399999680e+04 4.530738150175555514e+44 2.459593221963597767e+43 2.600000000000000644e-01
5.729863949200000206e+04 4.132082303244761863e+44 2.243175678837149299e+43 2.600000000000000644e-01
5.729951256100000319e+04 4.326821342623059801e+44 2.818671949924598168e+43 2.600000000000000644e-01
5.730257104599999730e+04 4.170315990056634647e+44 2.716717833412110398e+43 2.600000000000000644e-01
5.730548530700000265e+04 4.700769575440200772e+44 2.551897859140643860e+43 2.600000000000000644e-01
5.730744680900000094e+04 4.407262957244308624e+44 2.871074973942872380e+43 2.600000000000000644e-01
5.730967282800000248e+04 5.013822595959377041e+44 3.810582101669313432e+43 2.600000000000000644e-01
5.731130453500000294e+04 4.788163406769507561e+44 3.119209419017244738e+43 2.600000000000000644e-01
5.731323534500000096e+04 4.877182010731174399e+44 3.177199851748296623e+43 2.600000000000000644e-01
5.731623589599999832e+04 4.366856927581741190e+44 2.844752800364806392e+43 2.600000000000000644e-01
5.731772734700000001e+04 4.056663301598854293e+44 2.642679730236999256e+43 2.600000000000000644e-01
5.731975971900000150e+04 4.132082303244761863e+44 2.691810814604578960e+43 2.600000000000000644e-01
5.732272466600000189e+04 4.967855594102850288e+44 7.011914882088190505e+43 2.600000000000000644e-01
5.732533726500000193e+04 4.247847952935108794e+44 2.767225388886608801e+43 2.600000000000000644e-01
5.732852657400000317e+04 5.154291344561604164e+44 3.357720433598646331e+43 2.600000000000000644e-01
5.733018263399999705e+04 4.448042859298201490e+44 2.897640703594417565e+43 2.600000000000000644e-01
5.733105447499999718e+04 4.877182010731174399e+44 3.177199851748296623e+43 2.600000000000000644e-01
5.733457945599999948e+04 4.922310020252755460e+44 3.206598120019338962e+43 2.600000000000000644e-01
5.734343337299999985e+04 4.489200093138858754e+44 2.924452242915949385e+43 2.600000000000000644e-01
5.734618738999999914e+04 4.132082303244761863e+44 2.243175678837149299e+43 2.600000000000000644e-01
5.734921506899999804e+04 4.700769575440200772e+44 3.062277430968772533e+43 2.600000000000000644e-01
5.735356386300000304e+04 4.530738150175555514e+44 3.443430510749036973e+43 2.600000000000000644e-01
5.735622721199999796e+04 4.287152806116046045e+44 2.792830210158448129e+43 2.600000000000000644e-01
5.735931549400000222e+04 3.982620851868722377e+44 3.026852954090917767e+43 2.600000000000000644e-01
5.736283827400000155e+04 4.326821342623059801e+44 3.288450608245365354e+43 2.600000000000000644e-01
5.736509702000000107e+04 3.632193385950351580e+44 2.760522703267356988e+43 2.600000000000000644e-01
5.736639138799999637e+04 3.909929829152871981e+44 2.971606661502703782e+43 2.600000000000000644e-01
5.736895132000000012e+04 4.208903448816782567e+44 3.198831199698347895e+43 2.600000000000000644e-01
5.737141141300000163e+04 3.533206032405290694e+44 2.685290795776600822e+43 2.600000000000000644e-01
5.737440271699999721e+04 3.533206032405290694e+44 2.685290795776600822e+43 2.600000000000000644e-01
5.737719297599999845e+04 3.282229641671640058e+44 2.850908443435438148e+43 2.600000000000000644e-01
5.738091851100000349e+04 3.312599738623449214e+44 2.517626627667911156e+43 2.600000000000000644e-01
5.738328118900000118e+04 3.192779771735208317e+44 3.119864932793393429e+43 2.600000000000000644e-01
5.738586984200000006e+04 3.533206032405290694e+44 6.137807533203658596e+43 2.600000000000000644e-01
5.739366103999999905e+04 3.163508190840594665e+44 2.404314763793027112e+43 2.600000000000000644e-01
5.739674977200000285e+04 3.077293810036698012e+44 2.338790511565634469e+43 2.600000000000000644e-01
5.739924676200000249e+04 2.911849759497299641e+44 2.213050494693112116e+43 2.600000000000000644e-01
5.742774317100000189e+04 2.377765181651732633e+44 2.065300595306061423e+43 2.600000000000000644e-01
5.742964636299999984e+04 1.787182747128789947e+44 2.328490815692184009e+43 2.600000000000000644e-01
5.743350408900000184e+04 1.754562985794483659e+44 2.095491812926153194e+43 2.600000000000000644e-01
5.743731755100000009e+04 1.959606914749993997e+44 1.914854556994600679e+43 2.600000000000000644e-01
5.744740698100000009e+04 1.770797757216412779e+44 1.922619236314355695e+43 2.600000000000000644e-01
5.744992932599999767e+04 1.977738934287264461e+44 3.220954146773162674e+43 2.600000000000000644e-01
5.745016121099999873e+04 1.600180461377241478e+44 2.953535563808526023e+43 2.600000000000000644e-01
5.745421420300000318e+04 1.803719345486179428e+44 1.762527056955283163e+43 2.600000000000000644e-01
5.745607563099999970e+04 1.770797757216412779e+44 1.730357312682919829e+43 2.600000000000000644e-01
5.745763966500000242e+04 1.614986748888519343e+44 2.104139500167469195e+43 2.600000000000000644e-01
5.746555550200000289e+04 1.419609716656510638e+44 1.387189499400362714e+43 2.600000000000000644e-01
5.747033612500000163e+04 1.629930037291344831e+44 1.415739242167985004e+43 2.600000000000000644e-01
5.747225667100000283e+04 1.738477055651618389e+44 2.831291220693413602e+43 2.600000000000000644e-01
5.747567550800000026e+04 1.660232699115686155e+44 1.442059799802568384e+43 2.600000000000000644e-01
5.747754708099999698e+04 1.330972134999951380e+44 1.878610024841773138e+43 2.600000000000000644e-01
5.748029871899999853e+04 1.380921410724423041e+44 1.349384734394259481e+43 2.600000000000000644e-01
5.748747799200000009e+04 1.660232699115686155e+44 2.343347174679173500e+43 2.600000000000000644e-01
5.748903512200000114e+04 1.117297850504751592e+44 1.819636091687167376e+43 2.600000000000000644e-01
5.749978358100000332e+04 9.731257469258416071e+43 2.324427281483302463e+43 2.600000000000000644e-01
5.750270373700000346e+04 1.247868906052981533e+44 1.761313385121736172e+43 2.600000000000000644e-01
5.750539341299999796e+04 1.343287468536351695e+44 1.604301421786594861e+43 2.600000000000000644e-01
5.750895287000000098e+04 1.355716754450938105e+44 1.471950763704569925e+43 2.600000000000000644e-01
5.751187926000000152e+04 1.259415294879330599e+44 1.367392782476625235e+43 2.600000000000000644e-01
5.751592383100000006e+04 1.271068521126076571e+44 1.380045112114954760e+43 2.600000000000000644e-01
5.751683377800000017e+04 1.306679155753122020e+44 1.560579754144346169e+43 2.600000000000000644e-01
5.752061753399999725e+04 1.294699449245712018e+44 1.827412686224423548e+43 2.600000000000000644e-01
5.752376232899999741e+04 1.202732269331752790e+44 1.305849969444389663e+43 2.600000000000000644e-01
5.752795835000000079e+04 1.202732269331752790e+44 1.958774954166584123e+43 2.600000000000000644e-01
5.752892341199999646e+04 8.793645690751426961e+43 2.673322259513958218e+43 2.600000000000000644e-01
5.753360430700000143e+04 1.127636080229199740e+44 2.571062168002408310e+43 2.600000000000000644e-01
5.755274961900000199e+04 9.379268385228691740e+43 1.425677576398055109e+43 2.600000000000000644e-01
5.755487434200000280e+04 8.475570940212190373e+43 1.196290449351955226e+43 2.600000000000000644e-01
5.755736320400000113e+04 9.912175053123820093e+43 1.076200732307686680e+43 2.600000000000000644e-01
5.756021660700000211e+04 1.000389127966264184e+44 1.086158695079386597e+43 2.600000000000000644e-01
5.756320566200000030e+04 1.000389127966264184e+44 1.737853912127017713e+43 2.600000000000000644e-01
5.756943300099999760e+04 1.086848382210466442e+44 1.652042892708186328e+43 2.600000000000000644e-01
5.757820203200000105e+04 8.713025062465255884e+43 9.460046763283490361e+42 2.600000000000000644e-01
5.758504561899999680e+04 7.180736051041109117e+43 1.013530063965542892e+43 2.600000000000000644e-01
5.759185062299999845e+04 6.370433158538854480e+43 8.991592896282512578e+42 2.600000000000000644e-01
5.760043319499999780e+04 6.548909113103257798e+43 1.706493054183997756e+43 2.600000000000000644e-01
5.760142947200000344e+04 5.917918273510935498e+43 1.606324531587636156e+43 2.600000000000000644e-01
5.760159886800000095e+04 6.609505423053382774e+43 8.611415200025105485e+42 2.600000000000000644e-01
5.760808440500000142e+04 7.658945219618767941e+43 1.579962881887866764e+43 2.600000000000000644e-01
5.760943829299999925e+04 7.658945219618767941e+43 1.413650999583880463e+43 2.600000000000000644e-01
5.761156288299999869e+04 4.967855594104420392e+43 9.708805221352876456e+42 2.600000000000000644e-01
5.761554500900000130e+04 5.972676097106881533e+43 7.133225745714664076e+42 2.600000000000000644e-01
5.762245458199999848e+04 5.347723733389743529e+43 7.548082451501220718e+42 2.600000000000000644e-01
5.762671219700000074e+04 6.732385303219143828e+43 1.315727004255580772e+43 2.600000000000000644e-01
5.763042935800000123e+04 5.703861391444475305e+43 1.238577763922669737e+43 2.600000000000000644e-01
5.763294610999999713e+04 5.201983415181053572e+43 1.299035797995084458e+43 2.600000000000000644e-01
5.764035289500000363e+04 5.201983415181053572e+43 7.342376249537433460e+42 2.600000000000000644e-01
5.764570784799999819e+04 6.140008371256296059e+43 1.066628701790552512e+43 2.600000000000000644e-01
5.765499123200000031e+04 5.756638571096728323e+43 6.875210005781504526e+42 2.600000000000000644e-01
5.766761072899999999e+04 5.651568075883725723e+43 7.363334488370640361e+42 2.600000000000000644e-01
5.767790252499999769e+04 5.298695507503754483e+43 1.035537399087493597e+43 2.600000000000000644e-01
5.768020122599999740e+04 5.298695507503754483e+43 2.071074798174987194e+43 2.600000000000000644e-01
5.768319252199999755e+04 5.298695507503754483e+43 8.054179770680509606e+42 2.600000000000000644e-01
5.768750563400000101e+04 3.909929829153103823e+43 1.146191140865328559e+43 2.600000000000000644e-01
5.768893418699999893e+04 5.548415333336224794e+43 1.144581927223274154e+43 2.600000000000000644e-01
5.770422922300000209e+04 4.170315990057205882e+43 7.244580889098961390e+42 2.600000000000000644e-01
5.771458759799999825e+04 4.132082303245775588e+43 1.076724325841831906e+43 2.600000000000000644e-01
5.771963139399999636e+04 4.056663301600827867e+43 1.982009797677749813e+43 2.600000000000000644e-01
5.772594615599999815e+04 6.312028676284461655e+43 3.083939126691107104e+43 2.600000000000000644e-01
5.772604166000000259e+04 3.598893236828911594e+43 1.523904986870886012e+43 2.600000000000000644e-01
5.773076779299999907e+04 4.208903448816958949e+43 1.279532479879339406e+43 2.600000000000000644e-01
5.774657369699999981e+04 4.056663301600827867e+43 9.689825677535665175e+42 2.600000000000000644e-01
5.775777739899999870e+04 4.657672660926440487e+43 9.102606908183947622e+42 2.600000000000000644e-01
5.779345230799999990e+04 3.946107964430097163e+43 1.371018331157172271e+43 2.600000000000000644e-01
5.779454390399999829e+04 4.572660554124996026e+43 1.489410934704863036e+43 2.600000000000000644e-01
5.779819311400000151e+04 3.021126868073146102e+43 1.148051386942092705e+43 2.600000000000000644e-01
5.788155381900000066e+04 2.631291502729786928e+43 7.999287659401231712e+42 2.600000000000000644e-01
5.832459152999999787e+04 1.086848382210466616e+43 6.844177698362487985e+42 2.600000000000000644e-01
5.915336469699999725e+04 2.466998942106341263e+42 1.234793141599180036e+43 2.600000000000000644e-01
5.915465802200000326e+04 1.294699449245711968e+43 1.026162508418329750e+43 2.600000000000000644e-01
5.719709500100000150e+04 1.742725547257320453e+45 7.568560886457331680e+43 3.465000000000000857e-01
5.719978539199999796e+04 1.679689462657552157e+45 7.294798649432832291e+43 3.465000000000000857e-01
5.720181734699999652e+04 1.604090983656446640e+45 6.966478626727541419e+43 3.465000000000000857e-01
5.720563487200000236e+04 1.517850498947393484e+45 6.591940960470124137e+43 3.465000000000000857e-01
5.720866182799999660e+04 1.285964553275179770e+45 5.584873094106593983e+43 3.465000000000000857e-01
5.721165644199999952e+04 1.239449959798279237e+45 6.728578476695651638e+43 3.465000000000000857e-01
5.721466997899999842e+04 1.151407350748394462e+45 5.000498588528965498e+43 3.465000000000000857e-01
5.721471055899999919e+04 1.079515786556907668e+45 8.204485611509643623e+43 3.465000000000000857e-01
5.721636066800000117e+04 1.069618726336555662e+45 4.645295105883961577e+43 3.465000000000000857e-01
5.721649407800000336e+04 1.109759822665201007e+45 4.819625672214894919e+43 3.465000000000000857e-01
5.721675983200000337e+04 1.079515786556907668e+45 4.688277492291223796e+43 3.465000000000000857e-01
5.722052384200000233e+04 9.230580151183373469e+44 4.008790024424689591e+43 3.465000000000000857e-01
5.722168128699999943e+04 9.665603991376019149e+44 6.296577716575229076e+43 3.465000000000000857e-01
5.722351012600000104e+04 8.264736232950242951e+44 4.486661675445757477e+43 3.465000000000000857e-01
5.722651591799999733e+04 7.399953619545036131e+44 3.213759023308657216e+43 3.465000000000000857e-01
5.722926516499999707e+04 6.811284140102737973e+44 4.437154675083500656e+43 3.465000000000000857e-01
5.723289459299999726e+04 6.211964965706952524e+44 4.046733159574911623e+43 3.465000000000000857e-01
5.724112053100000048e+04 5.460457078620639589e+44 2.964307972393797048e+43 3.465000000000000857e-01
5.724488006799999857e+04 4.755859299997564463e+44 3.098165176045822638e+43 3.465000000000000857e-01
5.724846925400000327e+04 4.755859299997564463e+44 2.581804313371519278e+43 3.465000000000000857e-01
5.725070273699999962e+04 4.458912989961851342e+44 4.841203267069004929e+43 3.465000000000000857e-01
5.725369687700000213e+04 5.311644463782392971e+44 4.613635760905580488e+43 3.465000000000000857e-01
5.725569116899999790e+04 4.219189170397981960e+44 2.290463218513084574e+43 3.465000000000000857e-01
5.725940069999999832e+04 4.029294376752031304e+44 3.499800627575671429e+43 3.465000000000000857e-01
5.726272736699999950e+04 3.541840484104822006e+44 2.307302667043400993e+43 3.465000000000000857e-01
5.726556003500000224e+04 3.708762283550141995e+44 2.818716240264309152e+43 3.465000000000000857e-01
5.726878443200000038e+04 3.847946256696213385e+44 2.924498195401945435e+43 3.465000000000000857e-01
5.727260223699999915e+04 3.992353583862767894e+44 2.167321414098575373e+43 3.465000000000000857e-01
5.727287427200000093e+04 3.777713322362902980e+44 3.281280100230283648e+43 3.465000000000000857e-01
5.727735397799999919e+04 3.992353583862767894e+44 2.167321414098575373e+43 3.465000000000000857e-01
5.728287797200000205e+04 4.297629753539846121e+44 2.333046109032138208e+43 3.465000000000000857e-01
5.728340789699999732e+04 4.142180289250160021e+44 2.248657553338158154e+43 3.465000000000000857e-01
5.728436989300000278e+04 3.955751466199190530e+44 2.576941550326854115e+43 3.465000000000000857e-01
5.728477036999999837e+04 3.992353583862767894e+44 2.167321414098575373e+43 3.465000000000000857e-01
5.729087074700000085e+04 4.142180289250160021e+44 2.248657553338158154e+43 3.465000000000000857e-01
5.729356414000000223e+04 3.883550865038891155e+44 2.529907066316102647e+43 3.465000000000000857e-01
5.729662530200000037e+04 3.777713322362902980e+44 2.050800062643927156e+43 3.465000000000000857e-01
5.729864147000000230e+04 4.377528656000544530e+44 2.376420674593297865e+43 3.465000000000000857e-01
5.729951387100000284e+04 4.029294376752031304e+44 2.187375392234794891e+43 3.465000000000000857e-01
5.730257194999999774e+04 4.219189170397981960e+44 2.290463218513084574e+43 3.465000000000000857e-01
5.730548709100000269e+04 4.377528656000544530e+44 2.376420674593297865e+43 3.465000000000000857e-01
5.730744875699999830e+04 4.219189170397981960e+44 2.748555862215701489e+43 3.465000000000000857e-01
5.730967468299999746e+04 4.418033429951852482e+44 4.317136963858069939e+43 3.465000000000000857e-01
5.731130612600000313e+04 4.142180289250160021e+44 3.148120574673422505e+43 3.465000000000000857e-01
5.731323632000000362e+04 4.180507411577458810e+44 3.177249775706551022e+43 3.465000000000000857e-01
5.731623731899999984e+04 4.418033429951852482e+44 2.878091309238712962e+43 3.465000000000000857e-01
5.731776562199999898e+04 4.029294376752031304e+44 2.624850470681752086e+43 3.465000000000000857e-01
5.731976152400000137e+04 3.883550865038891155e+44 2.529907066316102647e+43 3.465000000000000857e-01
5.732533944699999847e+04 4.180507411577458810e+44 2.723356950605614383e+43 3.465000000000000857e-01
5.732852758300000278e+04 4.500170803883244950e+44 2.931599021623946780e+43 3.465000000000000857e-01
5.733018400200000178e+04 3.919484918765497622e+44 2.553316008185333308e+43 3.465000000000000857e-01
5.733105609900000127e+04 4.458912989961851342e+44 2.904721960241403155e+43 3.465000000000000857e-01
5.733458110000000306e+04 4.029294376752031304e+44 2.624850470681752086e+43 3.465000000000000857e-01
5.734343543099999806e+04 3.743079038444892695e+44 2.438397857586842523e+43 3.465000000000000857e-01
5.734618918100000155e+04 3.992353583862767894e+44 2.167321414098575373e+43 3.465000000000000857e-01
5.734921677199999976e+04 3.992353583862767894e+44 2.600785696918289953e+43 3.465000000000000857e-01
5.735356509199999709e+04 4.258228847128354687e+44 4.160981904726292755e+43 3.465000000000000857e-01
5.735622912999999971e+04 3.812668073365427896e+44 2.483731058387562026e+43 3.465000000000000857e-01
5.735931722599999921e+04 4.337395232047714513e+44 2.825560222668805586e+43 3.465000000000000857e-01
5.736283894600000349e+04 3.171239174665881391e+44 2.754503348705677565e+43 3.465000000000000857e-01
5.736509901600000012e+04 3.290250757069767169e+44 2.500641058779542116e+43 3.465000000000000857e-01
5.736642437500000233e+04 3.200582289470064393e+44 2.779990454389128307e+43 3.465000000000000857e-01
5.736895279999999912e+04 3.674760146554923552e+44 3.191856107933607399e+43 3.465000000000000857e-01
5.737141348999999900e+04 3.351421085690749246e+44 2.547131447087344258e+43 3.465000000000000857e-01
5.737440459600000031e+04 3.113357536551359748e+44 2.704227996633484871e+43 3.465000000000000857e-01
5.737719513200000074e+04 3.230196912772858668e+44 2.805713389357869532e+43 3.465000000000000857e-01
5.738092019199999777e+04 3.113357536551359748e+44 2.704227996633484871e+43 3.465000000000000857e-01
5.738328235400000267e+04 3.230196912772858668e+44 3.507141736697337534e+43 3.465000000000000857e-01
5.738587047699999675e+04 3.200582289470064393e+44 7.297474942771463043e+43 3.465000000000000857e-01
5.739366184000000067e+04 2.813383899415016970e+44 2.443674205982959987e+43 3.465000000000000857e-01
5.739675207000000228e+04 2.787590640786598253e+44 2.421270466198378711e+43 3.465000000000000857e-01
5.739924830600000132e+04 2.892204501484172738e+44 2.512136911061755132e+43 3.465000000000000857e-01
5.742774430700000084e+04 2.019430902154241777e+44 2.192569243477048503e+43 3.465000000000000857e-01
5.742964726800000062e+04 1.546069446581601924e+44 2.685797717158416695e+43 3.465000000000000857e-01
5.743350486600000295e+04 1.964395803679512058e+44 2.772660337890374474e+43 3.465000000000000857e-01
5.743731895500000246e+04 1.875983428525514920e+44 2.444187753453250710e+43 3.465000000000000857e-01
5.744740795899999648e+04 1.531894996695741345e+44 2.328527403720562259e+43 3.465000000000000857e-01
5.744993068099999800e+04 1.726748143403429944e+44 3.374627356425574005e+43 3.465000000000000857e-01
5.745016260799999873e+04 2.038116466230816002e+44 4.425713673804417435e+43 3.465000000000000857e-01
5.745421543599999859e+04 1.824857671950083328e+44 2.377576851561303935e+43 3.465000000000000857e-01
5.745607727699999668e+04 1.775125234178357335e+44 2.120049508199915078e+43 3.465000000000000857e-01
5.745764078300000256e+04 1.893341689472130876e+44 2.672370506309777163e+43 3.465000000000000857e-01
5.746555659700000251e+04 1.618933454784862628e+44 1.757734664954083587e+43 3.465000000000000857e-01
5.747033811900000001e+04 1.742725547257445198e+44 1.702926199452899009e+43 3.465000000000000857e-01
5.747222317199999816e+04 1.982572134260672946e+44 3.444080551539995756e+43 3.465000000000000857e-01
5.747567739900000015e+04 1.824857671950083328e+44 1.585051234374203118e+43 3.465000000000000857e-01
5.747754784600000130e+04 1.808127276251414644e+44 2.552094020628191000e+43 3.465000000000000857e-01
5.748029990199999884e+04 1.436246547501766639e+44 1.715323363139687726e+43 3.465000000000000857e-01
5.748747893099999783e+04 1.397104841741593087e+44 3.033774617043448784e+43 3.465000000000000857e-01
5.748903737399999955e+04 1.371604804563072326e+44 2.382721591894921607e+43 3.465000000000000857e-01
5.750270538099999976e+04 1.546069446581601924e+44 2.350073002513614113e+43 3.465000000000000857e-01
5.750539470399999846e+04 1.490146605153603777e+44 1.941487343535222080e+43 3.465000000000000857e-01
5.750895529199999874e+04 1.476484858959695828e+44 1.763380373864716548e+43 3.465000000000000857e-01
5.751188183399999980e+04 1.285964553275337989e+44 1.675461928231979037e+43 3.465000000000000857e-01
5.751592626000000018e+04 1.371604804563072326e+44 1.340280895440893404e+43 3.465000000000000857e-01
5.751683476199999859e+04 1.574813023621624016e+44 2.051797818564740231e+43 3.465000000000000857e-01
5.752061875600000349e+04 9.402189448738946821e+43 2.143742472583057449e+43 3.465000000000000857e-01
5.752376364900000044e+04 1.194617844583255710e+44 1.297039844714160953e+43 3.465000000000000857e-01
5.752795957800000178e+04 7.965792653915047216e+43 2.248674865827496324e+43 3.465000000000000857e-01
5.752892449599999964e+04 1.216827448508283227e+44 3.699230124208925201e+43 3.465000000000000857e-01
5.753360486300000048e+04 1.012112987352494853e+44 3.076885598288630656e+43 3.465000000000000857e-01
5.755275056900000345e+04 1.172813611614581157e+44 2.164722539257253299e+43 3.465000000000000857e-01
5.755487536600000021e+04 1.162061191792782858e+44 1.766368671303326657e+43 3.465000000000000857e-01
5.755736444900000060e+04 1.079515786556927990e+44 1.289276310380086494e+43 3.465000000000000857e-01
5.756021826400000282e+04 1.297863436785442370e+44 1.409137322149768498e+43 3.465000000000000857e-01
5.756320651299999736e+04 1.371604804563072326e+44 2.382721591894921607e+43 3.465000000000000857e-01
5.756943381300000328e+04 8.418389151422975935e+43 2.010832975237458135e+43 3.465000000000000857e-01
5.757820337899999868e+04 9.145953683685873876e+43 9.930093041418733202e+42 3.465000000000000857e-01
5.758504636999999639e+04 8.113887796302664580e+43 1.057145009014914795e+43 3.465000000000000857e-01
5.759185192100000131e+04 8.341208895768643721e+43 1.086762298750391325e+43 3.465000000000000857e-01
5.760043474900000001e+04 7.892761827891207167e+43 2.056669745297863800e+43 3.465000000000000857e-01
5.760143110600000364e+04 7.537529028869044261e+43 1.964104358654040883e+43 3.465000000000000857e-01
5.760160005100000126e+04 8.341208895768643721e+43 9.961987738545255666e+42 3.465000000000000857e-01
5.760808559100000275e+04 6.445090169988018299e+43 1.749416935121679848e+43 3.465000000000000857e-01
5.760943989000000147e+04 8.815135609056975515e+43 1.531345900896921896e+43 3.465000000000000857e-01
5.761156503900000098e+04 5.311644463782716222e+43 1.153408940226395122e+43 3.465000000000000857e-01
5.761554730900000141e+04 7.066900843568564440e+43 8.440069111427970707e+42 3.465000000000000857e-01
5.762252238000000216e+04 6.504725855084789411e+43 1.129986618062693858e+43 3.465000000000000857e-01
5.762671349999999802e+04 4.297629753540130352e+43 1.306505821057997535e+43 3.465000000000000857e-01
5.763043062600000121e+04 7.198284339491297852e+43 1.406778825515248736e+43 3.465000000000000857e-01
5.763291313999999693e+04 6.445090169988018299e+43 1.889370289931414107e+43 3.465000000000000857e-01
5.764035454500000196e+04 6.098583827196025978e+43 8.607889236620855835e+42 3.465000000000000857e-01
5.764570900100000290e+04 6.445090169988018299e+43 1.259580193287609075e+43 3.465000000000000857e-01
5.765499184000000241e+04 6.504725855084789411e+43 7.768657999181022132e+42 3.465000000000000857e-01
5.766761167800000112e+04 4.979996043540879629e+43 8.110443006036862017e+42 3.465000000000000857e-01
5.767790334900000016e+04 3.777713322364130719e+43 1.107432033827720967e+43 3.465000000000000857e-01
5.768020175100000051e+04 4.755859299997590014e+43 2.375259968301797637e+43 3.465000000000000857e-01
5.768319462699999713e+04 4.104204552095960122e+43 8.912166947887411165e+42 3.465000000000000857e-01
5.768750657700000011e+04 6.269443569848046899e+43 1.565601229518577730e+43 3.465000000000000857e-01
5.768893533400000160e+04 7.066900843568564440e+43 1.457830119246649587e+43 3.465000000000000857e-01
5.770423042700000224e+04 3.777713322364130719e+43 8.203200250575709121e+42 3.465000000000000857e-01
5.771458899399999791e+04 4.458912989962866948e+43 1.307124882108631321e+43 3.465000000000000857e-01
5.771963280099999974e+04 7.537529028869044261e+43 2.618805811538721673e+43 3.465000000000000857e-01
5.772604339800000162e+04 5.613438872043380056e+43 1.706519868640758390e+43 3.465000000000000857e-01
5.773076881300000241e+04 3.574612730607566713e+43 1.591245448440080335e+43 3.465000000000000857e-01
5.774657544500000222e+04 5.665379382424754224e+43 1.660799027480978674e+43 3.465000000000000857e-01
5.775777876500000275e+04 4.066576978591010935e+43 1.192112060874890377e+43 3.465000000000000857e-01
5.779345296599999710e+04 2.340070801737125190e+43 2.337443623851908586e+43 3.465000000000000857e-01
5.779454517900000064e+04 4.297629753540130352e+43 2.333046109032138208e+43 3.465000000000000857e-01
5.779819416199999978e+04 4.669055085065106416e+43 2.027744859146093788e+43 3.465000000000000857e-01
5.788155490200000349e+04 1.462948364407754921e+43 1.366003364239102196e+43 3.465000000000000857e-01
5.832459225000000151e+04 2.114603748462675242e+43 1.056114850274662284e+43 3.465000000000000857e-01
5.915465908900000068e+04 1.021477953521203681e+43 1.630311726855312169e+43 3.465000000000000857e-01
5.719709574099999736e+04 1.005034598783618563e+45 4.364809803736300938e+43 4.392000000000000903e-01
5.719978656300000148e+04 9.510010858275232413e+44 5.162681548236264350e+43 4.392000000000000903e-01
5.720181806399999914e+04 8.916224866170849593e+44 4.840334073483618204e+43 4.392000000000000903e-01
5.720563558899999771e+04 8.359513679730077116e+44 4.538113328126998161e+43 4.392000000000000903e-01
5.720866230599999835e+04 7.694510786571600705e+44 4.177104469441910405e+43 4.392000000000000903e-01
5.721165697099999670e+04 7.623967087657696156e+44 4.966570254572863313e+43 4.392000000000000903e-01
5.721467092499999853e+04 7.214080975371664779e+44 3.916294449509001851e+43 4.392000000000000903e-01
5.721471106000000145e+04 7.837562422491568623e+44 7.658572751236585844e+43 4.392000000000000903e-01
5.722168221900000208e+04 5.945399096593104062e+44 5.164108040726774342e+43 4.392000000000000903e-01
5.722351100299999962e+04 6.000411197114254145e+44 3.908918208086462291e+43 4.392000000000000903e-01
5.722651673999999912e+04 5.523075916727532936e+44 2.998301742209455556e+43 4.392000000000000903e-01
5.722926562600000034e+04 5.178226140889953080e+44 3.935531318313376360e+43 4.392000000000000903e-01
5.723289509499999986e+04 4.990924645478278878e+44 3.793179307971524241e+43 4.392000000000000903e-01
5.724112151299999823e+04 4.468698075074296489e+44 2.911096372945315916e+43 4.392000000000000903e-01
5.724488101099999767e+04 3.856390575237063220e+44 3.349618293778723062e+43 4.392000000000000903e-01
5.724846997600000032e+04 4.427728804864080776e+44 2.884407280975655337e+43 4.392000000000000903e-01
5.725070343699999648e+04 4.945167573292708157e+44 5.369147472920637453e+43 4.392000000000000903e-01
5.725369728500000201e+04 4.189681535612819372e+44 5.003777822584244428e+43 4.392000000000000903e-01
5.725569236500000261e+04 3.716901162842618419e+44 2.421344497204292843e+43 4.392000000000000903e-01
5.725940134499999840e+04 3.237285580301901948e+44 3.514838159675735397e+43 4.392000000000000903e-01
5.726272781099999702e+04 3.267239814973887719e+44 2.483152389721646462e+43 4.392000000000000903e-01
5.726556097299999965e+04 3.517070005405482109e+44 3.054888191631025389e+43 4.392000000000000903e-01
5.726878500999999960e+04 3.297471212766629858e+44 3.222165491864710092e+43 4.392000000000000903e-01
5.727260338600000250e+04 3.484825313780977527e+44 2.270160606257782071e+43 4.392000000000000903e-01
5.727287493600000016e+04 3.389854149327012491e+44 3.680487378775143623e+43 4.392000000000000903e-01
5.727735534899999766e+04 3.856390575237063220e+44 2.093511433611702285e+43 4.392000000000000903e-01
5.728437047799999709e+04 3.421220083587989647e+44 2.600179756438346357e+43 4.392000000000000903e-01
5.728477103399999760e+04 3.178198459428884117e+44 2.415479593316865313e+43 4.392000000000000903e-01
5.729864242299999751e+04 2.667970435908466461e+44 2.317369676392746846e+43 4.392000000000000903e-01
5.730548810999999841e+04 3.007329488507546594e+44 2.285616553717145950e+43 4.392000000000000903e-01
5.730744970499999908e+04 2.952439539325316096e+44 2.885013450185449677e+43 4.392000000000000903e-01
5.730967561500000011e+04 2.281292710705406937e+44 3.715323134497120200e+43 4.392000000000000903e-01
5.731130685300000187e+04 2.979758126031064804e+44 3.558754406740778434e+43 4.392000000000000903e-01
5.731323688599999878e+04 3.120189800054193292e+44 3.387703031636550714e+43 4.392000000000000903e-01
5.731776667099999759e+04 3.149060560812139629e+44 2.735239249479924047e+43 4.392000000000000903e-01
5.733018484599999647e+04 2.717571709600050081e+44 2.655509394725327555e+43 4.392000000000000903e-01
5.734619044199999917e+04 2.793708008795633765e+44 2.123260951471027687e+43 4.392000000000000903e-01
5.736642540000000008e+04 2.619274487491485085e+44 3.412609369523177471e+43 4.392000000000000903e-01
5.737141489900000306e+04 2.005307660192359762e+44 2.612682154020529105e+43 4.392000000000000903e-01
5.738328319300000294e+04 1.730537492419293135e+44 4.697268023027742334e+43 4.392000000000000903e-01
5.738587092200000188e+04 1.950657459271021357e+44 9.106967534434070130e+43 4.392000000000000903e-01
5.739366243399999803e+04 1.950657459271021357e+44 2.965059197257603779e+43 4.392000000000000903e-01
5.739675358599999890e+04 1.795481823022437423e+44 3.119071392386919011e+43 4.392000000000000903e-01
5.739924925800000346e+04 1.549462296174400998e+44 3.028153163156510636e+43 4.392000000000000903e-01
5.742774504400000296e+04 1.607611161519408108e+44 2.792706625976947666e+43 4.392000000000000903e-01
5.742964797800000088e+04 1.507235146951040225e+44 3.927503443509237238e+43 4.392000000000000903e-01
5.743350542500000302e+04 1.042751955118388958e+44 3.962537425890255583e+43 4.392000000000000903e-01
5.743731986999999936e+04 1.812095211784389215e+44 3.541423280226446583e+43 4.392000000000000903e-01
5.744740856499999791e+04 1.052400420165342578e+44 3.199361866613304508e+43 4.392000000000000903e-01
5.744993157100000099e+04 1.578268950997028143e+44 4.455317726455626604e+43 4.392000000000000903e-01
5.745016356100000121e+04 1.288786602647814631e+44 5.737057326278042613e+43 4.392000000000000903e-01
5.745421626999999717e+04 1.186263076488421158e+44 3.091125049226977668e+43 4.392000000000000903e-01
5.745607839300000342e+04 1.300711598259286566e+44 2.683236380939945049e+43 4.392000000000000903e-01
5.745764163800000097e+04 1.132872443117413912e+44 3.444001755223037923e+43 4.392000000000000903e-01
5.747222394599999825e+04 9.510010858275397208e+43 4.130145238589012371e+43 4.392000000000000903e-01
5.747754837699999916e+04 1.122486206129453975e+44 3.290554566008130935e+43 4.392000000000000903e-01
5.753360515000000305e+04 1.374614791476839353e+44 4.178913330769475678e+43 4.392000000000000903e-01
5.755275106599999708e+04 8.436863307465315110e+43 2.839664463728258305e+43 4.392000000000000903e-01
5.755487593300000299e+04 6.000411197115257966e+43 2.149905014447554161e+43 4.392000000000000903e-01
5.755736507700000220e+04 8.131693724083164337e+43 1.677486113625894740e+43 4.392000000000000903e-01
5.756021898599999986e+04 7.910082494706460774e+43 1.717652589425261800e+43 4.392000000000000903e-01
5.756320692099999724e+04 8.834480425250057312e+43 2.973493726855504376e+43 4.392000000000000903e-01
5.756943420399999741e+04 3.716901162843846455e+43 2.542411722064507856e+43 4.392000000000000903e-01
