# UVOT photometry at full time resolution, using 5.0" aperture
# host-subtracted AB magnitudes, not corrected for Galactic extinction
# total counts/s as based on "CORR_RATE" from uvotsource and thus include the host contribution
# only including observations with SNR>0.5 and positive host-subtracted flux
# 
filter  MJD          ab_mag ab_mag_err count_rate count_rate_err exposure
UVW2   57197.097383    17.23     0.04    5.675    0.147    822.150 
UVW2   57199.789812    17.26     0.04    5.487    0.146    759.352 
UVW2   57201.819587    17.42     0.04    4.738    0.132    733.584 
UVW2   57205.637378    17.48     0.04    4.505    0.127    728.589 
UVW2   57208.663804    17.66     0.04    3.807    0.113    716.829 
UVW2   57211.658575    17.78     0.05    3.403    0.106    668.626 
UVW2   57214.673089    17.93     0.05    2.967    0.100    603.875 
UVW2   57214.712464    18.00     0.07    2.783    0.150    189.738 
UVW2   57216.578566    18.08     0.06    2.581    0.115    327.516 
UVW2   57217.248686    18.08     0.04    2.591    0.066   2014.143 
UVW2   57217.643367    18.02     0.07    2.737    0.150    184.884 
UVW2   57219.803334    18.30     0.08    2.122    0.136    169.147 
UVW2   57220.538547    18.31     0.07    2.104    0.126    202.049 
UVW2   57221.684907    18.31     0.06    2.105    0.097    371.820 
UVW2   57223.513323    18.49     0.05    1.770    0.068    701.312 
UVW2   57226.519083    18.76     0.05    1.391    0.045   1478.929 
UVW2   57229.267174    18.86     0.06    1.266    0.057    664.457 
UVW2   57232.896315    19.10     0.06    1.013    0.049    701.855 
UVW2   57241.124401    19.37     0.06    0.791    0.034   1200.105 
UVW2   57244.883912    19.61     0.07    0.637    0.038    748.537 
UVW2   57248.472127    19.73     0.06    0.569    0.029   1199.877 
UVW2   57250.705438    19.67     0.11    0.604    0.058    274.350 
UVW2   57253.697942    19.69     0.12    0.591    0.061    235.736 
UVW2   57255.695041    19.89     0.07    0.493    0.027   1135.679 
UVW2   57259.403583    20.11     0.10    0.402    0.036    508.403 
UVW2   57262.729112    20.02     0.07    0.439    0.027   1082.525 
UVW2   57265.561799    20.22     0.21    0.364    0.069    123.792 
UVW2   57268.786246    19.85     0.08    0.512    0.035    668.627 
UVW2   57272.606149    19.84     0.07    0.516    0.030    959.265 
UVW2   57272.876665    19.77     0.09    0.549    0.041    512.345 
UVW2   57277.358264    19.48     0.06    0.718    0.030   1436.297 
UVW2   57282.880878    19.43     0.06    0.752    0.036    982.775 
UVW2   57283.409536    19.45     0.06    0.737    0.036    998.249 
UVW2   57284.372073    19.40     0.06    0.773    0.034   1181.938 
UVW2   57284.772550    19.42     0.06    0.759    0.036   1031.292 
UVW2   57290.873271    19.30     0.06    0.842    0.037   1103.081 
UVW2   57293.567276    19.16     0.06    0.963    0.042    968.756 
UVW2   57296.627403    19.10     0.05    1.017    0.040   1170.818 
UVW2   57298.644927    19.13     0.05    0.988    0.039   1201.028 
UVW2   57299.515715    19.10     0.05    1.017    0.041   1121.649 
UVW2   57302.573313    19.14     0.05    0.982    0.040   1140.001 
UVW2   57305.489724    18.93     0.05    1.187    0.044   1198.726 
UVW2   57307.452226    18.87     0.06    1.253    0.054    758.397 
UVW2   57309.678330    18.90     0.07    1.224    0.072    374.773 
UVW2   57311.308593    18.79     0.06    1.343    0.063    578.280 
UVW2   57313.238721    18.86     0.06    1.259    0.058    657.757 
UVW2   57316.241037    18.86     0.05    1.260    0.053    800.443 
UVW2   57317.768940    18.98     0.06    1.135    0.053    677.694 
UVW2   57319.763883    19.03     0.06    1.086    0.050    748.711 
UVW2   57325.341625    19.12     0.06    0.994    0.045    857.441 
UVW2   57328.529877    18.90     0.05    1.218    0.049    946.593 
UVW2   57330.186444    18.86     0.05    1.263    0.046   1183.498 
UVW2   57331.059133    18.84     0.06    1.293    0.055    762.524 
UVW2   57334.583839    18.91     0.06    1.213    0.053    747.082 
UVW2   57343.437780    18.93     0.06    1.186    0.053    737.135 
UVW2   57346.193747    18.94     0.05    1.179    0.043   1282.752 
UVW2   57349.219303    18.85     0.06    1.271    0.057    691.278 
UVW2   57353.631539    18.91     0.11    1.213    0.114    144.478 
UVW2   57356.231710    18.79     0.05    1.343    0.055    815.363 
UVW2   57359.319789    18.88     0.06    1.240    0.055    738.069 
UVW2   57362.840502    18.83     0.06    1.306    0.064    554.250 
UVW2   57365.100734    18.88     0.06    1.237    0.062    540.383 
UVW2   57366.392601    18.82     0.18    1.307    0.210     44.261 
UVW2   57368.955573    18.93     0.06    1.183    0.054    733.269 
UVW2   57371.418383    19.00     0.06    1.108    0.047    923.746 
UVW2   57374.407059    19.09     0.06    1.022    0.049    743.770 
UVW2   57377.197947    19.02     0.06    1.094    0.047    964.879 
UVW2   57380.923575    19.11     0.06    1.006    0.049    787.857 
UVW2   57383.285363    19.11     0.07    1.007    0.058    530.067 
UVW2   57385.871972    19.04     0.12    1.071    0.114    134.618 
UVW2   57393.664048    19.15     0.06    0.973    0.042   1093.351 
UVW2   57396.757139    19.29     0.06    0.856    0.040    992.635 
UVW2   57399.251130    19.17     0.06    0.951    0.043   1001.278 
UVW2   57427.746645    19.71     0.07    0.580    0.033   1008.174 
UVW2   57429.650077    19.82     0.09    0.524    0.042    585.925 
UVW2   57433.506842    19.93     0.09    0.475    0.037    727.449 
UVW2   57437.321895    19.92     0.08    0.479    0.035    855.617 
UVW2   57447.409725    19.85     0.07    0.514    0.031   1192.493 
UVW2   57449.933596    19.80     0.09    0.536    0.042    572.384 
UVW2   57450.165868    19.93     0.13    0.474    0.055    304.886 
UVW2   57454.218224    19.94     0.08    0.470    0.031    971.525 
UVW2   57456.081118    19.78     0.07    0.546    0.031   1085.912 
UVW2   57457.644158    19.94     0.10    0.470    0.040    538.634 
UVW2   57465.558805    19.93     0.07    0.478    0.027   1313.189 
UVW2   57470.340407    19.94     0.07    0.470    0.025   1632.539 
UVW2   57472.225808    19.94     0.14    0.473    0.058    242.881 
UVW2   57475.681221    20.08     0.07    0.413    0.024   1491.906 
UVW2   57477.549632    20.00     0.10    0.446    0.038    589.660 
UVW2   57480.301610    20.14     0.07    0.392    0.024   1423.310 
UVW2   57487.480485    20.28     0.14    0.345    0.043    396.654 
UVW2   57489.040972    20.09     0.12    0.410    0.042    474.534 
UVW2   57502.708700    20.15     0.09    0.390    0.031    822.855 
UVW2   57505.396842    20.21     0.09    0.370    0.028    939.523 
UVW2   57508.959855    20.15     0.08    0.389    0.026   1151.522 
UVW2   57511.886128    20.26     0.09    0.353    0.026   1108.694 
UVW2   57515.930429    20.30     0.09    0.342    0.025   1117.164 
UVW2   57516.835620    20.22     0.10    0.364    0.030    833.475 
UVW2   57520.621166    20.41     0.13    0.308    0.034    579.898 
UVW2   57523.765877    20.31     0.09    0.338    0.025   1031.868 
UVW2   57527.961241    20.20     0.12    0.374    0.038    525.267 
UVW2   57528.926354    20.80     0.25    0.217    0.049    244.032 
UVW2   57533.605854    20.89     0.27    0.199    0.047    202.302 
UVW2   57552.752459    20.48     0.12    0.289    0.030    675.489 
UVW2   57554.877651    20.41     0.10    0.308    0.027    840.631 
UVW2   57557.366807    20.61     0.09    0.257    0.020   1253.552 
UVW2   57560.220535    20.39     0.09    0.314    0.023   1087.628 
UVW2   57563.207896    20.43     0.13    0.302    0.036    452.100 
UVW2   57569.435099    20.69     0.15    0.238    0.031    514.875 
UVW2   57578.206167    20.74     0.09    0.229    0.017   1704.957 
UVW2   57585.048519    20.85     0.10    0.208    0.019   1251.457 
UVW2   57591.854370    20.99     0.10    0.183    0.016   1430.824 
UVW2   57600.437115    20.66     0.18    0.246    0.039    303.626 
UVW2   57601.433575    21.01     0.22    0.179    0.034    315.104 
UVW2   57601.603220    21.00     0.10    0.181    0.016   1664.638 
UVW2   57608.087459    20.98     0.21    0.185    0.035    429.350 
UVW2   57609.441491    20.93     0.16    0.192    0.028    529.524 
UVW2   57611.568756    20.98     0.12    0.184    0.020    977.530 
UVW2   57615.550131    20.84     0.10    0.208    0.018   1263.944 
UVW2   57622.525802    21.24     0.19    0.146    0.024    564.446 
UVW2   57626.716183    21.23     0.17    0.148    0.022    643.282 
UVW2   57630.434038    21.26     0.17    0.144    0.021    704.472 
UVW2   57632.914419    20.95     0.20    0.190    0.033    353.273 
UVW2   57640.357270    21.25     0.11    0.145    0.013   2074.507 
UVW2   57645.710722    21.19     0.14    0.153    0.018    922.019 
UVW2   57654.992983    21.31     0.10    0.138    0.012   2199.287 
UVW2   57667.614064    21.36     0.11    0.131    0.013   1924.774 
UVW2   57677.905410    21.01     0.12    0.179    0.019   1088.855 
UVW2   57680.202702    21.37     0.29    0.131    0.033    254.652 
UVW2   57683.196866    21.19     0.11    0.153    0.015   1552.704 
UVW2   57687.508531    21.03     0.13    0.177    0.019   1184.989 
UVW2   57688.937973    21.14     0.14    0.160    0.019    938.134 
UVW2   57704.232439    21.58     0.14    0.109    0.012   1786.638 
UVW2   57714.591025    21.42     0.18    0.125    0.020    811.443 
UVW2   57719.635076    22.25     0.58    0.061    0.029    296.003 
UVW2   57726.046300    21.44     0.19    0.123    0.020    833.106 
UVW2   57730.771125    21.71     0.23    0.097    0.019    875.489 
UVW2   57746.577993    21.48     0.16    0.119    0.016   1741.031 
UVW2   57757.781188    21.32     0.13    0.137    0.015   1680.188 
UVW2   57793.454340    21.58     0.27    0.108    0.025    839.817 
UVW2   57794.547711    21.27     0.19    0.143    0.023    979.539 
UVW2   57798.195541    21.36     0.18    0.131    0.020   1416.089 
UVW2   57881.556641    21.91     0.24    0.082    0.016   1496.379 
UVW2   58324.594074    23.14     0.57    0.030    0.013   1076.389 
UVW2   59154.661307    23.09     0.89    0.032    0.021    441.480 
UVW2   59160.617308    23.53     0.88    0.023    0.014    860.091 
UVM2   57197.100521    16.87     0.04    4.663    0.142    552.925 
UVM2   57199.794841    16.96     0.04    4.289    0.131    586.674 
UVM2   57201.822760    17.10     0.05    3.765    0.122    541.599 
UVM2   57205.642203    17.20     0.04    3.442    0.094   1179.701 
UVM2   57208.667321    17.38     0.04    2.915    0.083   1176.356 
UVM2   57211.662512    17.55     0.04    2.482    0.074   1110.410 
UVM2   57214.677118    17.63     0.05    2.320    0.096    419.121 
UVM2   57214.715750    17.76     0.06    2.063    0.106    275.925 
UVM2   57221.691959    18.14     0.05    1.447    0.061    660.819 
UVM2   57223.519494    18.30     0.05    1.246    0.045   1136.993 
UVM2   57226.522564    18.51     0.05    1.034    0.041   1080.689 
UVM2   57229.270689    18.61     0.05    0.939    0.038   1132.269 
UVM2   57232.899540    18.89     0.06    0.730    0.033   1096.424 
UVM2   57241.131622    19.23     0.05    0.534    0.022   1957.166 
UVM2   57244.890843    19.34     0.07    0.482    0.026   1232.660 
UVM2   57248.477176    19.47     0.06    0.430    0.020   1974.150 
UVM2   57250.710501    19.43     0.10    0.443    0.038    460.038 
UVM2   57253.634075    19.37     0.13    0.470    0.053    230.057 
UVM2   57255.664685    19.64     0.09    0.366    0.030    619.914 
UVM2   57259.408437    19.73     0.09    0.337    0.025    814.462 
UVM2   57262.732162    19.79     0.07    0.320    0.017   1770.361 
UVM2   57268.789284    19.71     0.09    0.345    0.028    642.924 
UVM2   57272.570109    19.50     0.10    0.418    0.037    436.941 
UVM2   57272.881335    19.54     0.09    0.404    0.032    553.793 
UVM2   57277.329490    19.26     0.07    0.520    0.030    862.034 
UVM2   57282.874211    19.18     0.07    0.559    0.034    727.666 
UVM2   57283.405018    18.97     0.07    0.677    0.038    731.575 
UVM2   57284.376164    18.92     0.05    0.707    0.026   1962.378 
UVM2   57284.775362    18.98     0.07    0.670    0.036    774.294 
UVM2   57290.866550    19.00     0.07    0.660    0.035    812.268 
UVM2   57293.557726    18.65     0.06    0.906    0.044    755.454 
UVM2   57296.621264    18.68     0.06    0.881    0.041    863.468 
UVM2   57298.651697    18.73     0.05    0.844    0.029   1977.450 
UVM2   57299.510458    18.76     0.06    0.819    0.040    799.248 
UVM2   57302.569553    18.68     0.06    0.880    0.040    891.766 
UVM2   57305.494449    18.65     0.06    0.907    0.040    944.085 
UVM2   57307.458565    18.59     0.05    0.958    0.038   1153.151 
UVM2   57309.685208    18.58     0.06    0.971    0.049    627.819 
UVM2   57311.313439    18.42     0.05    1.120    0.046    935.375 
UVM2   57313.243002    18.55     0.05    0.999    0.040   1134.398 
UVM2   57316.233365    18.59     0.07    0.960    0.051    560.559 
UVM2   57317.773601    18.45     0.09    1.092    0.085    205.896 
UVM2   57319.756828    18.76     0.07    0.821    0.047    550.709 
UVM2   57322.754979    18.80     0.07    0.788    0.047    534.964 
UVM2   57325.333877    18.85     0.07    0.754    0.044    611.704 
UVM2   57328.524844    18.58     0.06    0.971    0.048    683.351 
UVM2   57330.190494    18.59     0.06    0.956    0.040   1018.892 
UVM2   57331.051722    18.63     0.07    0.921    0.050    569.420 
UVM2   57334.576750    18.62     0.07    0.934    0.052    533.976 
UVM2   57343.430081    18.68     0.07    0.885    0.047    623.540 
UVM2   57346.198374    18.60     0.07    0.952    0.051    561.623 
UVM2   57349.212333    18.55     0.07    0.997    0.054    525.115 
UVM2   57353.561886    18.58     0.08    0.968    0.062    379.443 
UVM2   57356.224151    18.72     0.07    0.851    0.047    579.236 
UVM2   57359.312666    18.65     0.07    0.910    0.050    556.606 
UVM2   57362.837130    18.83     0.08    0.773    0.051    440.242 
UVM2   57365.092934    18.82     0.07    0.775    0.046    573.426 
UVM2   57368.948863    18.88     0.08    0.732    0.048    491.670 
UVM2   57371.424558    18.86     0.07    0.747    0.043    623.996 
UVM2   57374.399679    18.75     0.07    0.828    0.047    580.235 
UVM2   57377.189569    18.83     0.07    0.766    0.044    633.389 
UVM2   57380.915642    18.77     0.07    0.811    0.046    601.888 
UVM2   57383.288792    19.07     0.10    0.617    0.056    280.692 
UVM2   57385.873784    18.83     0.16    0.767    0.107     90.574 
UVM2   57393.666325    18.99     0.07    0.668    0.039    668.170 
UVM2   57396.763296    19.05     0.07    0.628    0.039    644.433 
UVM2   57399.255287    19.02     0.07    0.644    0.038    702.322 
UVM2   57427.749952    19.44     0.08    0.440    0.029    825.114 
UVM2   57429.653359    19.59     0.10    0.383    0.034    570.701 
UVM2   57433.509300    19.50     0.09    0.415    0.034    575.012 
UVM2   57437.358515    19.80     0.16    0.317    0.046    239.265 
UVM2   57447.412689    19.60     0.08    0.380    0.025   1019.652 
UVM2   57449.937703    19.68     0.11    0.355    0.034    482.288 
UVM2   57450.170102    19.89     0.17    0.291    0.044    244.336 
UVM2   57454.221910    19.64     0.09    0.367    0.028    786.989 
UVM2   57456.085752    19.63     0.09    0.370    0.029    692.114 
UVM2   57465.553644    19.75     0.08    0.331    0.024    964.141 
UVM2   57470.332983    19.67     0.08    0.357    0.023   1183.045 
UVM2   57472.229310    19.78     0.17    0.323    0.048    213.649 
UVM2   57475.672284    19.68     0.08    0.356    0.023   1085.891 
UVM2   57477.552059    19.79     0.11    0.320    0.031    520.391 
UVM2   57480.296831    19.95     0.09    0.277    0.021   1005.980 
UVM2   57487.476424    20.02     0.15    0.260    0.036    316.450 
UVM2   57489.031406    20.03     0.14    0.258    0.033    372.797 
UVM2   57499.780919    20.11     0.13    0.239    0.027    569.409 
UVM2   57502.700973    20.07     0.13    0.248    0.027    570.396 
UVM2   57505.391287    20.04     0.11    0.256    0.025    684.339 
UVM2   57508.948787    19.95     0.10    0.276    0.023    841.066 
UVM2   57511.874971    20.17     0.11    0.226    0.021    869.614 
UVM2   57515.919804    20.06     0.10    0.250    0.022    811.551 
UVM2   57516.832268    20.10     0.12    0.242    0.025    679.876 
UVM2   57520.615488    20.03     0.14    0.257    0.032    415.874 
UVM2   57523.760154    20.22     0.12    0.216    0.022    730.587 
UVM2   57527.956399    20.04     0.15    0.256    0.033    363.719 
UVM2   57528.921636    20.44     0.26    0.177    0.042    175.947 
UVM2   57533.607765    20.64     0.21    0.148    0.027    368.106 
UVM2   57552.755814    20.18     0.10    0.224    0.019   1051.577 
UVM2   57554.881829    20.30     0.09    0.201    0.016   1416.403 
UVM2   57557.370987    20.27     0.08    0.207    0.014   1903.697 
UVM2   57560.225389    20.23     0.08    0.214    0.015   1734.884 
UVM2   57563.210634    20.18     0.12    0.225    0.023    706.850 
UVM2   57569.437579    20.55     0.14    0.161    0.019    798.640 
UVM2   57578.199744    20.48     0.10    0.171    0.015   1248.818 
UVM2   57585.044277    20.55     0.12    0.162    0.017    963.815 
UVM2   57591.848440    20.46     0.11    0.175    0.016   1062.066 
UVM2   57600.430634    20.89     0.28    0.118    0.030    255.684 
UVM2   57601.426769    20.91     0.27    0.116    0.028    269.464 
UVM2   57601.596769    20.71     0.12    0.140    0.014   1249.068 
UVM2   57608.082434    20.84     0.22    0.125    0.025    397.165 
UVM2   57609.435825    20.92     0.21    0.116    0.022    440.416 
UVM2   57611.559309    20.60     0.14    0.153    0.019    720.988 
UVM2   57615.541362    20.74     0.11    0.136    0.013   1501.236 
UVM2   57622.450598    20.75     0.10    0.135    0.012   1734.276 
UVM2   57625.020526    20.44     0.27    0.178    0.043    153.610 
UVM2   57626.709996    21.14     0.25    0.095    0.021    455.249 
UVM2   57630.427085    21.23     0.25    0.088    0.019    503.462 
UVM2   57632.944359    20.98     0.23    0.110    0.022    469.778 
UVM2   57640.350178    21.16     0.14    0.093    0.011   1739.695 
UVM2   57645.706001    20.95     0.18    0.112    0.018    630.001 
UVM2   57654.990243    20.94     0.11    0.113    0.011   1738.490 
UVM2   57667.609064    21.14     0.15    0.095    0.012   1388.583 
UVM2   57677.901101    21.08     0.19    0.100    0.017    775.652 
UVM2   57680.200354    20.60     0.29    0.154    0.039    163.915 
UVM2   57683.189234    20.88     0.13    0.119    0.014   1103.178 
UVM2   57687.504052    21.12     0.20    0.097    0.016    772.231 
UVM2   57688.932209    21.22     0.24    0.089    0.018    649.884 
UVM2   57704.227240    21.33     0.17    0.081    0.012   1299.030 
UVM2   57714.585339    21.11     0.21    0.097    0.018    629.317 
UVM2   57719.629068    21.37     0.41    0.077    0.028    231.056 
UVM2   57725.944950    22.03     1.01    0.044    0.037    130.676 
UVM2   57726.038815    21.04     0.22    0.104    0.020    559.570 
UVM2   57730.766068    21.22     0.24    0.088    0.019    589.628 
UVM2   57746.570833    21.06     0.14    0.102    0.013   1416.903 
UVM2   57757.775122    21.14     0.15    0.095    0.013   1374.499 
UVM2   57793.451209    21.34     0.25    0.079    0.018    669.864 
UVM2   57794.541760    21.20     0.23    0.090    0.018    662.426 
UVM2   57798.191420    21.24     0.21    0.087    0.016   1002.766 
UVM2   57881.552025    21.50     0.19    0.070    0.011   1483.142 
UVM2   58324.597268    22.31     0.30    0.035    0.008   1735.177 
UVM2   59153.369770    22.43     0.59    0.032    0.015    482.342 
UVM2   59154.665354    23.04     0.72    0.020    0.010    713.039 
UVM2   59160.620007    22.96     0.56    0.021    0.009   1321.518 
UVW1   57197.093871    16.71     0.04    7.878    0.218    410.716 
UVW1   57199.783798    16.77     0.04    7.448    0.214    379.465 
UVW1   57201.816224    16.84     0.04    6.979    0.206    366.423 
UVW1   57205.633359    17.01     0.04    6.013    0.176    438.276 
UVW1   57208.660993    17.19     0.05    5.085    0.157    429.361 
UVW1   57211.655486    17.28     0.05    4.664    0.151    400.881 
UVW1   57214.668557    17.39     0.05    4.236    0.157    300.705 
UVW1   57214.709614    17.43     0.07    4.055    0.227    113.925 
UVW1   57219.789090    17.71     0.06    3.163    0.136    273.015 
UVW1   57221.679485    17.77     0.06    2.980    0.144    223.178 
UVW1   57223.508317    17.90     0.05    2.653    0.104    419.802 
UVW1   57226.514823    18.08     0.05    2.245    0.077    736.777 
UVW1   57229.264423    18.20     0.06    2.004    0.090    398.644 
UVW1   57232.893539    18.45     0.06    1.597    0.078    419.330 
UVW1   57241.118616    18.72     0.06    1.259    0.054    718.764 
UVW1   57244.878352    18.92     0.07    1.045    0.061    449.316 
UVW1   57248.467892    18.92     0.06    1.050    0.050    719.539 
UVW1   57250.701398    18.80     0.10    1.171    0.102    164.125 
UVW1   57253.667653    18.88     0.08    1.088    0.078    268.009 
UVW1   57255.689453    18.99     0.07    0.981    0.052    603.625 
UVW1   57259.399636    19.02     0.09    0.956    0.069    304.642 
UVW1   57262.726564    19.03     0.07    0.951    0.050    649.395 
UVW1   57265.558295    18.98     0.07    0.993    0.058    453.249 
UVW1   57268.783117    18.98     0.08    0.992    0.062    400.867 
UVW1   57272.600666    18.86     0.06    1.100    0.056    578.878 
UVW1   57272.872952    18.88     0.08    1.089    0.074    306.609 
UVW1   57277.351803    18.62     0.06    1.371    0.059    716.829 
UVW1   57282.876593    18.63     0.06    1.358    0.067    481.963 
UVW1   57283.406797    18.61     0.06    1.388    0.068    487.489 
UVW1   57284.368740    18.57     0.06    1.441    0.060    707.443 
UVW1   57284.769369    18.57     0.06    1.431    0.068    515.570 
UVW1   57290.869151    18.60     0.06    1.396    0.065    539.644 
UVW1   57293.561675    18.48     0.06    1.557    0.071    503.430 
UVW1   57296.623744    18.36     0.05    1.747    0.072    575.088 
UVW1   57298.639492    18.46     0.05    1.593    0.063    707.148 
UVW1   57299.512561    18.41     0.06    1.666    0.072    532.564 
UVW1   57302.571046    18.45     0.06    1.596    0.068    594.558 
UVW1   57305.485307    18.32     0.05    1.798    0.073    599.705 
UVW1   57307.446809    18.39     0.06    1.691    0.078    455.236 
UVW1   57309.672828    18.25     0.07    1.924    0.117    216.216 
UVW1   57311.304535    18.30     0.06    1.834    0.093    345.975 
UVW1   57313.235345    18.28     0.06    1.868    0.089    395.058 
UVW1   57316.235896    18.40     0.06    1.674    0.085    372.678 
UVW1   57317.727347    18.48     0.06    1.563    0.078    414.452 
UVW1   57319.759719    18.46     0.06    1.591    0.082    366.673 
UVW1   57322.724666    18.26     0.12    1.907    0.211     58.682 
UVW1   57325.337265    18.43     0.06    1.626    0.081    407.122 
UVW1   57328.526574    18.22     0.06    1.977    0.088    456.020 
UVW1   57330.182634    18.38     0.06    1.713    0.075    591.615 
UVW1   57331.054475    18.28     0.06    1.878    0.094    378.476 
UVW1   57334.579456    18.27     0.06    1.895    0.095    355.922 
UVW1   57343.433373    18.37     0.06    1.730    0.082    414.908 
UVW1   57346.187390    18.46     0.05    1.589    0.066    641.023 
UVW1   57349.215069    18.32     0.06    1.796    0.091    349.928 
UVW1   57353.563863    18.36     0.07    1.734    0.105    252.513 
UVW1   57356.227212    18.42     0.06    1.651    0.084    386.349 
UVW1   57359.315494    18.50     0.07    1.533    0.082    370.604 
UVW1   57362.838274    18.41     0.07    1.660    0.096    294.580 
UVW1   57365.097020    18.60     0.07    1.398    0.080    365.695 
UVW1   57366.391388    18.52     0.07    1.497    0.084    373.210 
UVW1   57368.951320    18.44     0.07    1.615    0.091    328.276 
UVW1   57371.411413    18.63     0.07    1.366    0.075    461.134 
UVW1   57374.402717    18.63     0.07    1.366    0.079    387.326 
UVW1   57377.192976    18.71     0.08    1.260    0.083    422.770 
UVW1   57380.918511    18.70     0.07    1.272    0.076    401.117 
UVW1   57383.281189    18.74     0.09    1.232    0.092    264.295 
UVW1   57385.869842    18.63     0.16    1.357    0.189     66.695 
UVW1   57393.661040    18.75     0.07    1.221    0.066    545.095 
UVW1   57396.749772    18.78     0.07    1.191    0.069    495.590 
UVW1   57399.246762    18.84     0.07    1.127    0.067    499.314 
UVW1   57427.743171    19.06     0.08    0.922    0.059    504.233 
UVW1   57429.646363    19.37     0.12    0.699    0.070    291.681 
UVW1   57433.504089    19.39     0.11    0.684    0.066    361.276 
UVW1   57437.317551    19.27     0.09    0.764    0.060    428.460 
UVW1   57447.406981    19.38     0.10    0.691    0.061    595.079 
UVW1   57449.929326    19.26     0.15    0.772    0.104    285.959 
UVW1   57450.161211    19.49     0.17    0.624    0.094    152.318 
UVW1   57454.214203    19.36     0.09    0.706    0.057    483.341 
UVW1   57456.075631    19.38     0.09    0.694    0.051    542.609 
UVW1   57457.639665    19.48     0.12    0.629    0.066    274.166 
UVW1   57465.555502    19.62     0.09    0.559    0.043    644.357 
UVW1   57470.336125    19.47     0.08    0.637    0.040    788.465 
UVW1   57472.256671    19.40     0.15    0.678    0.088    149.614 
UVW1   57475.675508    19.45     0.08    0.649    0.040    722.704 
UVW1   57477.547081    19.69     0.13    0.523    0.059    294.342 
UVW1   57480.298719    19.65     0.09    0.541    0.040    670.451 
UVW1   57487.477992    19.45     0.13    0.652    0.075    211.151 
UVW1   57489.035122    19.88     0.15    0.442    0.057    248.788 
UVW1   57499.783581    20.03     0.22    0.389    0.075    188.000 
UVW1   57502.703737    19.76     0.13    0.490    0.054    379.410 
UVW1   57505.393413    19.68     0.11    0.528    0.049    456.009 
UVW1   57508.952870    19.67     0.10    0.535    0.043    561.557 
UVW1   57511.879260    19.75     0.10    0.495    0.041    580.246 
UVW1   57515.923831    19.74     0.10    0.499    0.040    540.882 
UVW1   57516.833778    19.71     0.11    0.515    0.049    452.578 
UVW1   57520.617534    19.72     0.13    0.511    0.059    278.086 
UVW1   57523.762329    19.80     0.10    0.474    0.041    487.500 
UVW1   57527.958350    19.80     0.15    0.473    0.060    243.609 
UVW1   57528.923412    20.14     0.28    0.351    0.084    116.907 
UVW1   57533.604307    19.87     0.21    0.448    0.081    120.595 
UVW1   57552.749619    20.07     0.14    0.376    0.043    403.800 
UVW1   57554.874342    20.18     0.13    0.339    0.037    502.991 
UVW1   57557.363204    20.01     0.10    0.393    0.031    751.573 
UVW1   57560.216607    20.00     0.10    0.397    0.033    652.583 
UVW1   57563.205662    20.00     0.16    0.399    0.053    255.919 
UVW1   57569.433001    19.91     0.13    0.430    0.050    309.155 
UVW1   57578.202032    20.15     0.10    0.348    0.028    833.530 
UVW1   57585.045619    20.36     0.12    0.291    0.030    642.934 
UVW1   57591.850623    20.49     0.13    0.261    0.027    707.719 
UVW1   57600.433195    20.46     0.24    0.267    0.055    170.050 
UVW1   57601.429472    20.57     0.25    0.243    0.052    179.889 
UVW1   57601.598868    20.45     0.12    0.270    0.026    831.760 
UVW1   57608.084405    20.29     0.19    0.309    0.050    264.317 
UVW1   57609.438293    20.29     0.17    0.309    0.045    293.820 
UVW1   57611.562883    20.76     0.18    0.206    0.031    480.843 
UVW1   57615.545009    20.56     0.11    0.245    0.023   1002.103 
UVW1   57622.454582    20.68     0.13    0.221    0.023    916.101 
UVW1   57626.712197    20.43     0.18    0.273    0.041    303.691 
UVW1   57630.429358    20.61     0.20    0.235    0.039    336.257 
UVW1   57632.946110    20.71     0.23    0.215    0.041    288.174 
UVW1   57640.352895    20.71     0.13    0.215    0.023   1006.751 
UVW1   57645.707848    20.53     0.16    0.250    0.034    419.328 
UVW1   57654.991232    20.60     0.11    0.237    0.021   1157.820 
UVW1   57667.610729    20.62     0.12    0.232    0.023    926.004 
UVW1   57677.902525    20.69     0.18    0.220    0.032    516.830 
UVW1   57680.201226    20.69     0.36    0.220    0.067    106.131 
UVW1   57683.192522    20.69     0.14    0.220    0.026    735.105 
UVW1   57687.505634    21.02     0.26    0.167    0.036    512.443 
UVW1   57688.934187    20.64     0.19    0.229    0.037    433.390 
UVW1   57704.229223    20.95     0.16    0.177    0.022    866.997 
UVW1   57714.587598    20.96     0.23    0.175    0.033    418.611 
UVW1   57719.631394    20.98     0.45    0.172    0.063    154.316 
UVW1   57725.946156    20.50     0.45    0.257    0.099     65.099 
UVW1   57726.041660    21.11     0.39    0.155    0.049    371.603 
UVW1   57730.767793    20.94     0.28    0.178    0.041    391.822 
UVW1   57746.573697    20.98     0.22    0.172    0.031    944.443 
UVW1   57757.777399    20.83     0.18    0.195    0.029    914.005 
UVW1   57793.452308    21.01     0.32    0.168    0.044    444.520 
UVW1   57794.543904    20.85     0.30    0.191    0.048    442.034 
UVW1   57798.193114    21.30     0.35    0.132    0.036    668.159 
UVW1   57881.553819    21.45     0.28    0.118    0.025    983.719 
UVW1   58324.591530    22.41     0.57    0.059    0.022    647.162 
UVW1   59153.364697    24.02     4.60    0.027    0.040    182.610 
UVW1   59154.658022    22.22     0.73    0.067    0.033    264.294 
U      57197.095001    16.42     0.04   15.171    0.449    204.994 
U      57199.785392    16.46     0.04   14.534    0.442    189.499 
U      57201.817347    16.51     0.04   13.914    0.433    181.420 
U      57205.634872    16.57     0.04   13.218    0.443    145.889 
U      57208.661828    16.75     0.04   11.162    0.396    143.012 
U      57211.656442    16.79     0.05   10.758    0.395    133.174 
U      57214.669979    16.87     0.04   10.009    0.362    151.134 
U      57214.710559    16.94     0.07    9.412    0.599     38.147 
U      57216.360668    16.95     0.04    9.358    0.319    195.243 
U      57216.494078    16.91     0.04    9.694    0.334    182.278 
U      57216.759832    16.94     0.04    9.382    0.309    219.372 
U      57220.523842    17.11     0.04    8.076    0.237    397.436 
U      57221.681287    17.06     0.06    8.400    0.421     74.579 
U      57223.510126    17.23     0.05    7.258    0.303    140.275 
U      57226.515918    17.35     0.04    6.459    0.206    368.714 
U      57229.265165    17.44     0.06    5.966    0.276    131.947 
U      57232.894593    17.54     0.06    5.470    0.257    138.831 
U      57241.120531    17.68     0.05    4.799    0.194    238.451 
U      57244.880068    17.83     0.06    4.220    0.217    149.136 
U      57248.469254    17.83     0.05    4.221    0.180    238.255 
U      57250.702737    17.90     0.10    3.934    0.329     54.881 
U      57253.696877    17.71     0.08    4.690    0.337     60.560 
U      57255.691169    17.96     0.05    3.733    0.154    301.585 
U      57259.400700    18.01     0.08    3.574    0.233    101.020 
U      57262.727367    18.15     0.06    3.153    0.161    216.331 
U      57265.560035    18.10     0.07    3.308    0.190    150.135 
U      57268.784432    18.06     0.07    3.435    0.204    133.119 
U      57272.602237    18.02     0.05    3.549    0.159    257.139 
U      57272.874272    18.08     0.08    3.377    0.229    101.900 
U      57277.353978    18.02     0.05    3.542    0.142    358.561 
U      57282.877972    17.94     0.05    3.815    0.169    239.808 
U      57283.407897    17.98     0.05    3.663    0.165    242.382 
U      57284.369893    18.03     0.06    3.519    0.164    235.063 
U      57284.770370    18.02     0.05    3.560    0.160    255.738 
U      57290.870747    17.98     0.05    3.683    0.159    270.007 
U      57293.564140    18.05     0.06    3.463    0.158    251.525 
U      57296.625302    18.08     0.05    3.365    0.148    287.707 
U      57298.641470    17.92     0.05    3.877    0.171    240.394 
U      57299.513871    18.01     0.05    3.577    0.157    265.837 
U      57302.571950    17.96     0.05    3.740    0.157    296.318 
U      57305.487091    17.92     0.05    3.890    0.158    299.489 
U      57307.448757    17.96     0.06    3.746    0.203    152.090 
U      57309.674683    17.91     0.09    3.903    0.290     74.568 
U      57311.306126    17.98     0.07    3.664    0.235    114.692 
U      57313.236320    17.97     0.07    3.720    0.225    131.208 
U      57316.237319    17.91     0.06    3.920    0.190    186.556 
U      57317.765622    18.01     0.06    3.583    0.190    168.856 
U      57319.761524    18.05     0.06    3.466    0.179    183.613 
U      57325.339447    17.97     0.06    3.700    0.181    204.256 
U      57328.527583    17.89     0.06    3.983    0.184    226.701 
U      57330.184002    18.04     0.06    3.479    0.174    296.340 
U      57331.056099    17.90     0.06    3.951    0.201    189.499 
U      57334.581100    18.01     0.06    3.575    0.190    177.695 
U      57343.435431    18.09     0.06    3.340    0.169    208.209 
U      57346.189181    18.02     0.05    3.559    0.148    320.131 
U      57349.216772    18.02     0.06    3.565    0.187    174.731 
U      57353.565092    17.95     0.09    3.765    0.293     81.930 
U      57356.229130    18.07     0.06    3.397    0.181    192.463 
U      57359.317226    17.93     0.06    3.853    0.200    185.579 
U      57362.838946    18.27     0.08    2.842    0.203    146.975 
U      57365.099016    18.23     0.07    2.937    0.181    182.625 
U      57366.424375    18.26     0.08    2.871    0.206    172.787 
U      57368.952800    18.11     0.08    3.285    0.212    162.938 
U      57371.413490    18.21     0.07    2.988    0.173    229.850 
U      57374.404596    18.29     0.08    2.788    0.185    192.442 
U      57377.195132    18.25     0.08    2.905    0.199    210.185 
U      57380.920192    18.29     0.08    2.802    0.203    200.336 
U      57383.282354    18.25     0.10    2.899    0.262    132.424 
U      57385.870477    18.26     0.21    2.858    0.537     33.239 
U      57393.661840    18.40     0.08    2.542    0.167    271.614 
U      57396.752070    18.41     0.08    2.517    0.177    248.582 
U      57399.248306    18.37     0.08    2.592    0.176    249.321 
U      57427.744307    18.76     0.10    1.854    0.153    251.286 
U      57429.647268    19.05     0.16    1.438    0.199    145.987 
U      57433.504866    18.79     0.13    1.800    0.206    181.159 
U      57437.318955    18.84     0.12    1.735    0.176    212.922 
U      57447.407959    19.06     0.14    1.428    0.163    297.892 
U      57449.930681    18.93     0.18    1.593    0.239    142.252 
U      57450.162608    18.75     0.20    1.862    0.316     76.555 
U      57454.215436    18.87     0.12    1.691    0.167    243.196 
U      57456.077277    18.90     0.11    1.638    0.148    270.973 
U      57457.640783    18.83     0.13    1.736    0.194    136.355 
U      57465.556597    19.00     0.10    1.513    0.126    320.435 
U      57470.338119    18.92     0.09    1.611    0.116    393.798 
U      57472.223172    18.78     0.16    1.821    0.250     60.745 
U      57475.677399    18.87     0.08    1.682    0.104    361.536 
U      57477.547846    18.88     0.13    1.670    0.185    147.757 
U      57480.299902    19.13     0.11    1.352    0.120    334.682 
U      57487.478931    19.16     0.20    1.320    0.223    104.875 
U      57489.037374    19.18     0.16    1.293    0.176    123.792 
U      57502.705381    19.05     0.14    1.440    0.167    190.465 
U      57505.394704    19.09     0.12    1.398    0.142    227.679 
U      57508.955292    19.10     0.11    1.384    0.122    280.040 
U      57511.881834    19.25     0.12    1.219    0.122    288.923 
U      57515.926260    19.18     0.09    1.293    0.099    270.224 
U      57516.834762    19.03     0.12    1.474    0.152    226.235 
U      57520.618756    19.59     0.21    0.922    0.157    138.353 
U      57523.763649    19.33     0.10    1.144    0.096    243.424 
U      57527.959578    19.77     0.26    0.797    0.160    121.576 
U      57528.924496    19.31     0.28    1.164    0.268     58.834 
U      57533.604863    19.51     0.28    0.988    0.228     39.885 
U      57552.750569    19.35     0.17    1.123    0.155    134.140 
U      57554.875366    19.36     0.14    1.115    0.123    167.390 
U      57557.364449    19.44     0.11    1.041    0.093    249.592 
U      57560.218264    19.24     0.10    1.227    0.104    216.537 
U      57563.206513    19.18     0.16    1.290    0.175     89.847 
U      57569.433813    19.71     0.22    0.838    0.147    102.421 
U      57578.203379    19.62     0.10    0.899    0.070    417.199 
U      57585.046370    19.75     0.12    0.814    0.077    320.077 
U      57591.851921    19.72     0.12    0.835    0.075    353.425 
U      57600.434749    19.78     0.24    0.794    0.147     85.405 
U      57601.431106    19.83     0.24    0.760    0.144     89.293 
U      57601.600051    19.72     0.11    0.829    0.069    416.417 
U      57608.085591    20.00     0.25    0.671    0.129    132.435 
U      57609.439890    19.66     0.16    0.871    0.112    147.149 
U      57611.565039    20.21     0.20    0.569    0.081    239.808 
U      57615.547309    19.90     0.11    0.724    0.060    502.072 
U      57622.522380    19.99     0.16    0.672    0.082    254.479 
U      57626.713500    20.44     0.28    0.482    0.095    151.124 
U      57630.430626    19.88     0.18    0.731    0.103    166.880 
U      57632.913140    20.00     0.27    0.668    0.139     86.165 
U      57640.354545    20.06     0.12    0.637    0.058    503.810 
U      57645.709001    20.00     0.18    0.670    0.090    209.740 
U      57654.991840    19.99     0.11    0.674    0.055    579.138 
U      57667.611678    20.28     0.15    0.544    0.059    462.481 
U      57677.903349    20.58     0.27    0.438    0.080    258.942 
U      57680.201751    20.33     0.46    0.525    0.174     51.862 
U      57683.194627    20.49     0.20    0.467    0.064    365.945 
U      57687.506577    20.03     0.23    0.652    0.112    258.518 
U      57688.935334    19.90     0.19    0.720    0.106    215.864 
U      57704.230427    20.58     0.20    0.439    0.059    430.979 
U      57714.588994    20.40     0.27    0.498    0.096    208.969 
U      57719.632801    19.83     0.32    0.763    0.193     76.555 
U      57726.043398    20.15     0.28    0.596    0.122    185.568 
U      57730.768813    20.64     0.41    0.421    0.115    196.937 
U      57746.575445    20.14     0.26    0.602    0.119    471.114 
U      57757.778765    20.50     0.27    0.463    0.087    459.245 
U      57793.452966    21.10     0.91    0.315    0.169    221.066 
U      57794.545179    20.44     0.50    0.483    0.168    219.567 
U      57798.194162    20.35     0.39    0.516    0.146    332.554 
U      57881.554902    21.61     0.86    0.239    0.099    391.941 
U      58324.592250    21.21     0.45    0.296    0.076    215.158 
U      59154.659089    22.00     1.46    0.202    0.118     87.088 
B      57197.095741    16.68     0.04    8.603    0.294    205.038 
B      57199.786563    16.74     0.05    8.171    0.290    189.510 
B      57201.818064    16.81     0.05    7.654    0.287    181.398 
B      57205.635589    16.88     0.05    7.231    0.300    145.987 
B      57208.662306    16.97     0.05    6.670    0.292    143.044 
B      57211.656971    16.98     0.06    6.614    0.297    133.174 
B      57214.670925    17.04     0.05    6.266    0.274    151.123 
B      57214.711060    16.95     0.09    6.799    0.526     38.169 
B      57221.682219    17.25     0.08    5.199    0.345     74.579 
B      57223.511003    17.24     0.06    5.249    0.262    140.297 
B      57226.516740    17.33     0.05    4.870    0.172    368.747 
B      57229.265626    17.40     0.07    4.585    0.253    131.947 
B      57232.895095    17.44     0.07    4.440    0.244    138.820 
B      57241.121513    17.56     0.06    3.980    0.183    238.494 
B      57244.881011    17.72     0.08    3.472    0.214    149.158 
B      57248.469976    17.57     0.06    3.956    0.182    238.277 
B      57250.703437    17.45     0.10    4.375    0.371     54.903 
B      57253.697285    17.63     0.11    3.774    0.332     60.560 
B      57255.692365    17.76     0.06    3.384    0.155    301.519 
B      57259.401345    17.91     0.10    2.968    0.242    100.944 
B      57262.727811    17.90     0.07    2.991    0.172    216.331 
B      57265.560973    17.82     0.08    3.196    0.205    150.135 
B      57268.785010    17.89     0.09    3.032    0.211    133.119 
B      57272.603386    17.83     0.06    3.178    0.161    257.172 
B      57272.874936    17.86     0.10    3.088    0.243    101.911 
B      57277.355349    17.72     0.05    3.486    0.146    358.518 
B      57284.370478    17.85     0.07    3.114    0.166    235.095 
B      57284.771034    17.93     0.07    2.926    0.158    255.760 
B      57298.642423    18.12     0.08    2.505    0.152    240.471 
B      57305.488110    17.99     0.07    2.791    0.144    295.484 
B      57307.449705    18.01     0.09    2.743    0.194    152.112 
B      57309.675615    18.29     0.15    2.188    0.256     74.579 
B      57311.306853    18.00     0.11    2.750    0.232    114.724 
B      57313.236886    17.95     0.10    2.884    0.231    131.219 
B      57317.766671    17.94     0.08    2.899    0.190    168.845 
B      57330.184846    18.10     0.09    2.537    0.180    296.350 
B      57346.190442    18.07     0.07    2.599    0.139    320.186 
B      57366.425400    18.14     0.12    2.465    0.242    165.001 
B      57371.414899    18.43     0.12    1.959    0.182    229.818 
B      57383.283193    18.59     0.25    1.732    0.324    132.424 
B      57385.870922    18.46     0.43    1.902    0.642     33.250 
B      57393.662434    18.46     0.14    1.903    0.204    271.483 
B      57396.753586    18.55     0.16    1.774    0.211    248.571 
B      57399.249258    18.71     0.18    1.573    0.207    249.342 
B      57427.745044    18.67     0.16    1.626    0.194    251.373 
B      57429.647978    18.74     0.24    1.541    0.272    145.987 
B      57433.505425    19.14     0.35    1.157    0.273    181.192 
B      57437.319870    18.54     0.18    1.794    0.246    212.921 
B      57447.408565    19.13     0.27    1.166    0.219    297.838 
B      57449.931571    18.69     0.26    1.605    0.313    142.273 
B      57450.163561    18.91     0.41    1.362    0.402     76.555 
B      57454.216270    19.00     0.24    1.275    0.215    243.207 
B      57456.078393    18.90     0.19    1.373    0.183    271.006 
B      57457.641638    19.05     0.28    1.232    0.237    136.366 
B      57472.223946    19.24     0.40    1.083    0.287     60.788 
B      57477.548377    19.06     0.27    1.223    0.225    147.725 
B      57533.605150    18.84     0.28    1.435    0.291     39.906 
B      57552.751066    19.37     0.31    0.995    0.199    134.184 
B      57554.875933    19.74     0.33    0.789    0.151    167.423 
B      57557.365077    19.41     0.19    0.966    0.113    249.733 
B      57560.218986    19.44     0.20    0.947    0.119    216.603 
B      57563.206921    19.32     0.31    1.027    0.211     89.890 
B      57569.434204    20.26     0.63    0.601    0.177    102.573 
V      57197.099301    17.07     0.09    2.471    0.166    204.973 
V      57199.792265    17.03     0.09    2.558    0.175    189.510 
V      57201.821529    17.19     0.10    2.260    0.179    181.387 
V      57205.639691    17.19     0.10    2.263    0.174    145.987 
V      57208.665000    17.24     0.11    2.165    0.173    143.044 
V      57211.659971    17.27     0.11    2.120    0.174    133.185 
V      57214.675485    17.40     0.11    1.930    0.158    151.134 
V      57214.713856    17.50     0.23    1.790    0.295     38.169 
V      57221.687587    17.51     0.17    1.780    0.215     74.579 
V      57223.516073    17.62     0.13    1.642    0.157    140.297 
V      57226.520731    17.77     0.10    1.471    0.098    366.160 
V      57229.268200    18.09     0.20    1.190    0.147    131.968 
V      57232.897926    17.79     0.15    1.456    0.153    138.907 
V      57241.127251    18.02     0.14    1.245    0.113    238.494 
V      57244.886420    17.97     0.17    1.291    0.143    149.158 
V      57248.474134    17.88     0.13    1.368    0.116    238.299 
V      57250.707427    17.66     0.22    1.597    0.247     54.892 
V      57253.632472    17.63     0.26    1.630    0.304     34.227 
V      57255.662117    18.00     0.15    1.264    0.123    194.429 
V      57259.405044    18.12     0.22    1.171    0.165    100.944 
V      57262.730273    18.12     0.16    1.168    0.116    216.407 
V      57268.788294    17.95     0.17    1.306    0.149    133.119 
V      57272.568500    17.95     0.17    1.303    0.144    143.272 
V      57272.878665    18.29     0.25    1.057    0.161    101.911 
V      57277.362025    17.96     0.11    1.300    0.095    352.111 
V      57284.373801    18.20     0.16    1.112    0.109    235.008 
V      57284.774225    18.36     0.18    1.013    0.103    255.727 
V      57298.647938    18.32     0.18    1.033    0.106    240.470 
V      57305.493063    18.44     0.17    0.967    0.095    299.478 
V      57307.455179    18.59     0.27    0.888    0.130    152.101 
V      57309.681028    17.87     0.22    1.381    0.204     74.579 
V      57311.311045    18.14     0.22    1.157    0.161    114.714 
V      57313.240096    18.27     0.23    1.069    0.145    131.219 
V      57317.771773    18.53     0.25    0.918    0.125    168.856 
V      57330.188892    18.34     0.18    1.026    0.106    294.016 
V      57346.196608    18.32     0.16    1.033    0.096    320.131 
V      57371.421812    18.75     0.30    0.818    0.124    229.861 
V      57383.287208    18.53     0.47    0.917    0.237    132.403 
V      57393.665236    18.76     0.30    0.812    0.122    271.516 
V      57396.761010    18.66     0.27    0.856    0.123    248.582 
V      57399.253874    18.87     0.35    0.769    0.130    249.321 
V      57427.748583    19.82     0.98    0.536    0.150    251.286 
V      57429.651391    18.77     0.48    0.809    0.196    145.944 
V      57433.508072    18.71     0.51    0.832    0.217    181.192 
V      57437.324276    19.59     1.03    0.576    0.195    212.911 
V      57447.411451    19.55     0.82    0.583    0.162    297.860 
V      57449.935896    19.63     1.14    0.567    0.208    142.263 
V      57450.168165    18.64     0.61    0.866    0.281     76.544 
V      57454.220283    18.75     0.35    0.818    0.145    243.174 
V      57456.083840    18.51     0.26    0.930    0.136    270.941 
V      57472.227648    18.93     0.69    0.748    0.239     60.799 
V      57477.550878    19.15     0.63    0.679    0.179    147.757 
V      57533.606690    21.35     5.94    0.409    0.223     39.917 
V      57552.753872    20.18     1.51    0.489    0.167    134.184 
V      57554.879139    18.76     0.34    0.813    0.138    167.401 
V      57557.368674    20.22     0.87    0.484    0.092    249.646 
V      57560.223125    20.49     1.12    0.459    0.093    216.624 
V      57569.436337    20.49     1.88    0.459    0.157    102.410 
V      58324.595088    19.84     0.65    0.533    0.098    215.115 
V      59154.662883    19.64     0.88    0.566    0.159     87.143 
