# MJD Lν eLν filter
5.719709387099999731e+04 2.070946898683950863e+45 8.994008104130938608e+43
5.719978379799999675e+04 1.959606914749928871e+45 8.510464697753781235e+43
5.720181622400000197e+04 1.837252991778789125e+45 7.979088361897913296e+43
5.720563335899999947e+04 1.570973876417760527e+45 6.822652857424515106e+43
5.720866099299999769e+04 1.330972134999758855e+45 7.225423172468358338e+43
5.721165548600000329e+04 1.225092731676092718e+45 6.650637664833974399e+43
5.721466855699999724e+04 1.107054402240029290e+45 6.009845225744881920e+43
5.721470961399999942e+04 1.067011163609684538e+45 8.109448558485252355e+43
5.721978908999999840e+04 8.244588102015617631e+44 5.370868677406207219e+43
5.722167948500000057e+04 7.801335642280896117e+44 5.082115531377288920e+43
5.722350831699999981e+04 6.921001816974852992e+44 3.757191122944052258e+43
5.722651482299999770e+04 5.863662472657366948e+44 3.183195319523873325e+43
5.722926442300000053e+04 5.250116775093891188e+44 3.420145117156911410e+43
5.723289353899999696e+04 4.170315990056634647e+44 2.716717833412110398e+43
5.724111861599999975e+04 3.252137979441215687e+44 2.118578368290288914e+43
5.724487835199999972e+04 2.705010549927879614e+44 2.055849521816576986e+43
5.724846789200000057e+04 2.705010549927879614e+44 1.762156732985637735e+43
5.725070139799999743e+04 3.021126868072666574e+44 3.280146819834551011e+43
5.725366765299999679e+04 2.806525310637401864e+44 2.437716911463521197e+43
5.725568945299999905e+04 2.536115119946090409e+44 1.927486403611983220e+43
5.725939963600000192e+04 2.466998942106341276e+44 2.410659061690372693e+43
5.726272656399999687e+04 2.444381359855638603e+44 1.857767338441823735e+43
5.726555829500000254e+04 2.559581504228316028e+44 1.945321215718968769e+43
5.726878311699999904e+04 2.559581504228316028e+44 2.223224246535964272e+43
5.727260066599999845e+04 2.858702511768701238e+44 1.862278089397963690e+43
5.727287295199999789e+04 2.806525310637401864e+44 2.437716911463521197e+43
5.727735180299999774e+04 3.565898385305933604e+44 2.322974987650884305e+43
5.728287659300000087e+04 3.533206032405290694e+44 2.301677824951371355e+43
5.728340679700000328e+04 3.598893236826625960e+44 2.344469210570594055e+43
5.728436873999999807e+04 3.733953998705195798e+44 2.432453425977424767e+43
5.728476936900000146e+04 3.733953998705195798e+44 2.432453425977424767e+43
5.729086915099999896e+04 3.632193385950351580e+44 2.366162317086305353e+43
5.729356167499999719e+04 4.056663301598854293e+44 2.642679730236999256e+43
5.729662374399999680e+04 4.530738150175555514e+44 2.459593221963597767e+43
5.729863949200000206e+04 4.132082303244761863e+44 2.243175678837149299e+43
5.729951256100000319e+04 4.326821342623059801e+44 2.818671949924598168e+43
5.730257104599999730e+04 4.170315990056634647e+44 2.716717833412110398e+43
5.730548530700000265e+04 4.700769575440200772e+44 2.551897859140643860e+43
5.730744680900000094e+04 4.407262957244308624e+44 2.871074973942872380e+43
5.730967282800000248e+04 5.013822595959377041e+44 3.810582101669313432e+43
5.731130453500000294e+04 4.788163406769507561e+44 3.119209419017244738e+43
5.731323534500000096e+04 4.877182010731174399e+44 3.177199851748296623e+43
5.731623589599999832e+04 4.366856927581741190e+44 2.844752800364806392e+43
5.731772734700000001e+04 4.056663301598854293e+44 2.642679730236999256e+43
5.731975971900000150e+04 4.132082303244761863e+44 2.691810814604578960e+43
5.732272466600000189e+04 4.967855594102850288e+44 7.011914882088190505e+43
5.732533726500000193e+04 4.247847952935108794e+44 2.767225388886608801e+43
5.732852657400000317e+04 5.154291344561604164e+44 3.357720433598646331e+43
5.733018263399999705e+04 4.448042859298201490e+44 2.897640703594417565e+43
5.733105447499999718e+04 4.877182010731174399e+44 3.177199851748296623e+43
5.733457945599999948e+04 4.922310020252755460e+44 3.206598120019338962e+43
5.734343337299999985e+04 4.489200093138858754e+44 2.924452242915949385e+43
5.734618738999999914e+04 4.132082303244761863e+44 2.243175678837149299e+43
5.734921506899999804e+04 4.700769575440200772e+44 3.062277430968772533e+43
5.735356386300000304e+04 4.530738150175555514e+44 3.443430510749036973e+43
5.735622721199999796e+04 4.287152806116046045e+44 2.792830210158448129e+43
5.735931549400000222e+04 3.982620851868722377e+44 3.026852954090917767e+43
5.736283827400000155e+04 4.326821342623059801e+44 3.288450608245365354e+43
5.736509702000000107e+04 3.632193385950351580e+44 2.760522703267356988e+43
5.736639138799999637e+04 3.909929829152871981e+44 2.971606661502703782e+43
5.736895132000000012e+04 4.208903448816782567e+44 3.198831199698347895e+43
5.737141141300000163e+04 3.533206032405290694e+44 2.685290795776600822e+43
5.737440271699999721e+04 3.533206032405290694e+44 2.685290795776600822e+43
5.737719297599999845e+04 3.282229641671640058e+44 2.850908443435438148e+43
5.738091851100000349e+04 3.312599738623449214e+44 2.517626627667911156e+43
5.738328118900000118e+04 3.192779771735208317e+44 3.119864932793393429e+43
5.738586984200000006e+04 3.533206032405290694e+44 6.137807533203658596e+43
5.739366103999999905e+04 3.163508190840594665e+44 2.404314763793027112e+43
5.739674977200000285e+04 3.077293810036698012e+44 2.338790511565634469e+43
5.739924676200000249e+04 2.911849759497299641e+44 2.213050494693112116e+43
5.742774317100000189e+04 2.377765181651732633e+44 2.065300595306061423e+43
5.742964636299999984e+04 1.787182747128789947e+44 2.328490815692184009e+43
5.743350408900000184e+04 1.754562985794483659e+44 2.095491812926153194e+43
5.743731755100000009e+04 1.959606914749993997e+44 1.914854556994600679e+43
5.744740698100000009e+04 1.770797757216412779e+44 1.922619236314355695e+43
5.744992932599999767e+04 1.977738934287264461e+44 3.220954146773162674e+43
5.745016121099999873e+04 1.600180461377241478e+44 2.953535563808526023e+43
5.745421420300000318e+04 1.803719345486179428e+44 1.762527056955283163e+43
5.745607563099999970e+04 1.770797757216412779e+44 1.730357312682919829e+43
5.745763966500000242e+04 1.614986748888519343e+44 2.104139500167469195e+43
5.746555550200000289e+04 1.419609716656510638e+44 1.387189499400362714e+43
5.747033612500000163e+04 1.629930037291344831e+44 1.415739242167985004e+43
5.747225667100000283e+04 1.738477055651618389e+44 2.831291220693413602e+43
5.747567550800000026e+04 1.660232699115686155e+44 1.442059799802568384e+43
5.747754708099999698e+04 1.330972134999951380e+44 1.878610024841773138e+43
5.748029871899999853e+04 1.380921410724423041e+44 1.349384734394259481e+43
5.748747799200000009e+04 1.660232699115686155e+44 2.343347174679173500e+43
5.748903512200000114e+04 1.117297850504751592e+44 1.819636091687167376e+43
5.749978358100000332e+04 9.731257469258416071e+43 2.324427281483302463e+43
5.750270373700000346e+04 1.247868906052981533e+44 1.761313385121736172e+43
5.750539341299999796e+04 1.343287468536351695e+44 1.604301421786594861e+43
5.750895287000000098e+04 1.355716754450938105e+44 1.471950763704569925e+43
5.751187926000000152e+04 1.259415294879330599e+44 1.367392782476625235e+43
5.751592383100000006e+04 1.271068521126076571e+44 1.380045112114954760e+43
5.751683377800000017e+04 1.306679155753122020e+44 1.560579754144346169e+43
5.752061753399999725e+04 1.294699449245712018e+44 1.827412686224423548e+43
5.752376232899999741e+04 1.202732269331752790e+44 1.305849969444389663e+43
5.752795835000000079e+04 1.202732269331752790e+44 1.958774954166584123e+43
5.752892341199999646e+04 8.793645690751426961e+43 2.673322259513958218e+43
5.753360430700000143e+04 1.127636080229199740e+44 2.571062168002408310e+43
5.755274961900000199e+04 9.379268385228691740e+43 1.425677576398055109e+43
5.755487434200000280e+04 8.475570940212190373e+43 1.196290449351955226e+43
5.755736320400000113e+04 9.912175053123820093e+43 1.076200732307686680e+43
5.756021660700000211e+04 1.000389127966264184e+44 1.086158695079386597e+43
5.756320566200000030e+04 1.000389127966264184e+44 1.737853912127017713e+43
5.756943300099999760e+04 1.086848382210466442e+44 1.652042892708186328e+43
5.757820203200000105e+04 8.713025062465255884e+43 9.460046763283490361e+42
5.758504561899999680e+04 7.180736051041109117e+43 1.013530063965542892e+43
5.759185062299999845e+04 6.370433158538854480e+43 8.991592896282512578e+42
5.760043319499999780e+04 6.548909113103257798e+43 1.706493054183997756e+43
5.760142947200000344e+04 5.917918273510935498e+43 1.606324531587636156e+43
5.760159886800000095e+04 6.609505423053382774e+43 8.611415200025105485e+42
5.760808440500000142e+04 7.658945219618767941e+43 1.579962881887866764e+43
5.760943829299999925e+04 7.658945219618767941e+43 1.413650999583880463e+43
5.761156288299999869e+04 4.967855594104420392e+43 9.708805221352876456e+42
5.761554500900000130e+04 5.972676097106881533e+43 7.133225745714664076e+42
5.762245458199999848e+04 5.347723733389743529e+43 7.548082451501220718e+42
5.762671219700000074e+04 6.732385303219143828e+43 1.315727004255580772e+43
5.763042935800000123e+04 5.703861391444475305e+43 1.238577763922669737e+43
5.763294610999999713e+04 5.201983415181053572e+43 1.299035797995084458e+43
5.764035289500000363e+04 5.201983415181053572e+43 7.342376249537433460e+42
5.764570784799999819e+04 6.140008371256296059e+43 1.066628701790552512e+43
5.765499123200000031e+04 5.756638571096728323e+43 6.875210005781504526e+42
5.766761072899999999e+04 5.651568075883725723e+43 7.363334488370640361e+42
5.767790252499999769e+04 5.298695507503754483e+43 1.035537399087493597e+43
5.768020122599999740e+04 5.298695507503754483e+43 2.071074798174987194e+43
5.768319252199999755e+04 5.298695507503754483e+43 8.054179770680509606e+42
5.768750563400000101e+04 3.909929829153103823e+43 1.146191140865328559e+43
5.768893418699999893e+04 5.548415333336224794e+43 1.144581927223274154e+43
5.770422922300000209e+04 4.170315990057205882e+43 7.244580889098961390e+42
5.771458759799999825e+04 4.132082303245775588e+43 1.076724325841831906e+43
5.771963139399999636e+04 4.056663301600827867e+43 1.982009797677749813e+43
5.772594615599999815e+04 6.312028676284461655e+43 3.083939126691107104e+43
5.772604166000000259e+04 3.598893236828911594e+43 1.523904986870886012e+43
5.773076779299999907e+04 4.208903448816958949e+43 1.279532479879339406e+43
5.774657369699999981e+04 4.056663301600827867e+43 9.689825677535665175e+42
5.775777739899999870e+04 4.657672660926440487e+43 9.102606908183947622e+42
5.779345230799999990e+04 3.946107964430097163e+43 1.371018331157172271e+43
5.779454390399999829e+04 4.572660554124996026e+43 1.489410934704863036e+43
5.779819311400000151e+04 3.021126868073146102e+43 1.148051386942092705e+43
5.788155381900000066e+04 2.631291502729786928e+43 7.999287659401231712e+42
5.832459152999999787e+04 1.086848382210466616e+43 6.844177698362487985e+42
5.915336469699999725e+04 2.466998942106341263e+42 1.234793141599180036e+43
5.915465802200000326e+04 1.294699449245711968e+43 1.026162508418329750e+43
