# MJD T error
5.822800000000000000e+04 1.000000000000000000e+03 1.000000000000000000e+00 0.000000000000000000e+00
5.822800000000000000e+04 1.000000000000000000e+03 1.000000000000000000e+00 0.000000000000000000e+00
5.823100000000000000e+04 1.000000000000000000e+03 1.000000000000000000e+03 0.000000000000000000e+00
5.823500000000000000e+04 1.000000000000000000e+03 1.000000000000000000e+03 0.000000000000000000e+00
5.823700000000000000e+04 1.000000000000000000e+03 1.000000000000000000e+03 0.000000000000000000e+00
5.825200000000000000e+04 1.000000000000000000e+03 1.000000000000000000e+00 0.000000000000000000e+00
5.825200000000000000e+04 1.000000000000000000e+03 1.000000000000000000e+00 0.000000000000000000e+00
5.825500000000000000e+04 1.000000000000000000e+03 1.000000000000000000e+00 0.000000000000000000e+00
5.825500000000000000e+04 1.000000000000000000e+03 1.000000000000000000e+00 0.000000000000000000e+00
5.826100000000000000e+04 1.000000000000000000e+03 0.000000000000000000e+00 0.000000000000000000e+00
5.826100000000000000e+04 1.000000000000000000e+03 0.000000000000000000e+00 0.000000000000000000e+00
5.826100000000000000e+04 1.000000000000000000e+03 0.000000000000000000e+00 0.000000000000000000e+00
5.826200000000000000e+04 1.000000000000000000e+03 1.000000000000000000e+03 0.000000000000000000e+00
5.826600000000000000e+04 1.000000000000000000e+03 0.000000000000000000e+00 0.000000000000000000e+00
5.826600000000000000e+04 1.000000000000000000e+03 0.000000000000000000e+00 0.000000000000000000e+00
5.826600000000000000e+04 1.000000000000000000e+03 0.000000000000000000e+00 0.000000000000000000e+00
5.826700000000000000e+04 1.000000000000000000e+03 1.000000000000000000e+03 0.000000000000000000e+00
5.826800000000000000e+04 1.000000000000000000e+03 1.000000000000000000e+03 0.000000000000000000e+00
5.826900000000000000e+04 1.000000000000000000e+03 1.000000000000000000e+03 0.000000000000000000e+00
5.827100000000000000e+04 1.000000000000000000e+03 1.000000000000000000e+00 0.000000000000000000e+00
5.827100000000000000e+04 1.000000000000000000e+03 1.000000000000000000e+00 0.000000000000000000e+00
5.827200000000000000e+04 1.000000000000000000e+03 1.000000000000000000e+03 0.000000000000000000e+00
5.827300000000000000e+04 1.000000000000000000e+03 1.000000000000000000e+00 0.000000000000000000e+00
5.827300000000000000e+04 1.000000000000000000e+03 1.000000000000000000e+00 0.000000000000000000e+00
5.827400000000000000e+04 1.000000000000000000e+03 1.000000000000000000e+03 0.000000000000000000e+00
5.827500000000000000e+04 1.000000000000000000e+03 1.000000000000000000e+00 0.000000000000000000e+00
5.827500000000000000e+04 1.000000000000000000e+03 1.000000000000000000e+00 0.000000000000000000e+00
5.827600000000000000e+04 1.000000000000000000e+03 1.000000000000000000e+00 0.000000000000000000e+00
5.827600000000000000e+04 1.000000000000000000e+03 1.000000000000000000e+00 0.000000000000000000e+00
5.827700000000000000e+04 1.000000000000000000e+03 1.000000000000000000e+03 0.000000000000000000e+00
5.827800000000000000e+04 1.000000000000000000e+03 1.000000000000000000e+00 0.000000000000000000e+00
5.827800000000000000e+04 1.000000000000000000e+03 1.000000000000000000e+00 0.000000000000000000e+00
5.827900000000000000e+04 1.000000000000000000e+03 1.000000000000000000e+00 0.000000000000000000e+00
5.827900000000000000e+04 1.000000000000000000e+03 1.000000000000000000e+00 0.000000000000000000e+00
5.828000000000000000e+04 1.000000000000000000e+03 1.000000000000000000e+03 0.000000000000000000e+00
5.828100000000000000e+04 1.000000000000000000e+03 1.000000000000000000e+00 0.000000000000000000e+00
5.828100000000000000e+04 1.000000000000000000e+03 1.000000000000000000e+00 0.000000000000000000e+00
5.828300000000000000e+04 1.000000000000000000e+03 1.000000000000000000e+00 0.000000000000000000e+00
5.828300000000000000e+04 1.000000000000000000e+03 1.000000000000000000e+00 0.000000000000000000e+00
5.828700000000000000e+04 1.000000000000000000e+03 1.000000000000000000e+00 0.000000000000000000e+00
5.828700000000000000e+04 1.000000000000000000e+03 1.000000000000000000e+00 0.000000000000000000e+00
5.829000000000000000e+04 1.000000000000000000e+03 1.000000000000000000e+03 0.000000000000000000e+00
5.829300000000000000e+04 1.000000000000000000e+03 1.000000000000000000e+03 0.000000000000000000e+00
5.829600000000000000e+04 1.000000000000000000e+03 1.000000000000000000e+00 0.000000000000000000e+00
5.829600000000000000e+04 1.000000000000000000e+03 1.000000000000000000e+00 0.000000000000000000e+00
5.830000000000000000e+04 1.000000000000000000e+03 1.000000000000000000e+03 0.000000000000000000e+00
5.831300000000000000e+04 1.000000000000000000e+03 1.000000000000000000e+03 0.000000000000000000e+00
5.831600000000000000e+04 1.000000000000000000e+03 1.000000000000000000e+00 0.000000000000000000e+00
5.831600000000000000e+04 1.000000000000000000e+03 1.000000000000000000e+00 0.000000000000000000e+00
5.831900000000000000e+04 1.000000000000000000e+03 1.000000000000000000e+03 0.000000000000000000e+00
5.832600000000000000e+04 1.000000000000000000e+03 1.000000000000000000e+00 0.000000000000000000e+00
5.832600000000000000e+04 1.000000000000000000e+03 1.000000000000000000e+00 0.000000000000000000e+00
5.832900000000000000e+04 1.000000000000000000e+03 1.000000000000000000e+00 0.000000000000000000e+00
5.832900000000000000e+04 1.000000000000000000e+03 1.000000000000000000e+00 0.000000000000000000e+00
5.833800000000000000e+04 1.000000000000000000e+03 1.000000000000000000e+03 0.000000000000000000e+00
5.834100000000000000e+04 1.000000000000000000e+03 1.000000000000000000e+03 0.000000000000000000e+00
5.834700000000000000e+04 1.000000000000000000e+03 1.000000000000000000e+03 0.000000000000000000e+00
5.835000000000000000e+04 1.000000000000000000e+03 1.000000000000000000e+00 0.000000000000000000e+00
5.835000000000000000e+04 1.000000000000000000e+03 1.000000000000000000e+00 0.000000000000000000e+00
5.835300000000000000e+04 1.000000000000000000e+03 1.000000000000000000e+03 0.000000000000000000e+00
5.835600000000000000e+04 1.000000000000000000e+03 1.000000000000000000e+03 0.000000000000000000e+00
5.835900000000000000e+04 1.000000000000000000e+03 1.000000000000000000e+03 0.000000000000000000e+00
5.836200000000000000e+04 1.000000000000000000e+03 1.000000000000000000e+00 0.000000000000000000e+00
5.836200000000000000e+04 1.000000000000000000e+03 1.000000000000000000e+00 0.000000000000000000e+00
5.836500000000000000e+04 1.000000000000000000e+03 1.000000000000000000e+00 0.000000000000000000e+00
5.836500000000000000e+04 1.000000000000000000e+03 1.000000000000000000e+00 0.000000000000000000e+00
5.836800000000000000e+04 1.000000000000000000e+03 1.000000000000000000e+00 0.000000000000000000e+00
5.836800000000000000e+04 1.000000000000000000e+03 1.000000000000000000e+00 0.000000000000000000e+00
5.837100000000000000e+04 1.000000000000000000e+03 1.000000000000000000e+00 0.000000000000000000e+00
5.837100000000000000e+04 1.000000000000000000e+03 1.000000000000000000e+00 0.000000000000000000e+00
5.837400000000000000e+04 1.000000000000000000e+03 1.000000000000000000e+00 0.000000000000000000e+00
5.837400000000000000e+04 1.000000000000000000e+03 1.000000000000000000e+00 0.000000000000000000e+00
5.838000000000000000e+04 1.000000000000000000e+03 1.000000000000000000e+00 0.000000000000000000e+00
5.838000000000000000e+04 1.000000000000000000e+03 1.000000000000000000e+00 0.000000000000000000e+00
5.838600000000000000e+04 1.000000000000000000e+03 1.000000000000000000e+03 0.000000000000000000e+00
5.838900000000000000e+04 1.000000000000000000e+03 1.000000000000000000e+03 0.000000000000000000e+00
5.840000000000000000e+04 1.000000000000000000e+03 1.000000000000000000e+00 0.000000000000000000e+00
5.840000000000000000e+04 1.000000000000000000e+03 1.000000000000000000e+00 0.000000000000000000e+00
5.842300000000000000e+04 1.000000000000000000e+03 1.000000000000000000e+03 0.000000000000000000e+00
5.843000000000000000e+04 1.000000000000000000e+03 1.000000000000000000e+03 0.000000000000000000e+00
5.843300000000000000e+04 1.000000000000000000e+03 1.000000000000000000e+03 0.000000000000000000e+00
5.843600000000000000e+04 1.000000000000000000e+03 1.000000000000000000e+03 0.000000000000000000e+00
5.845600000000000000e+04 1.000000000000000000e+03 1.000000000000000000e+03 0.000000000000000000e+00
5.846900000000000000e+04 1.000000000000000000e+03 1.000000000000000000e+03 0.000000000000000000e+00
5.847200000000000000e+04 1.000000000000000000e+03 1.000000000000000000e+03 0.000000000000000000e+00
5.848200000000000000e+04 1.000000000000000000e+03 0.000000000000000000e+00 0.000000000000000000e+00
5.848200000000000000e+04 1.000000000000000000e+03 0.000000000000000000e+00 0.000000000000000000e+00
5.848200000000000000e+04 1.000000000000000000e+03 0.000000000000000000e+00 0.000000000000000000e+00
5.848300000000000000e+04 1.000000000000000000e+03 1.000000000000000000e+00 0.000000000000000000e+00
5.848300000000000000e+04 1.000000000000000000e+03 1.000000000000000000e+00 0.000000000000000000e+00
5.848600000000000000e+04 1.000000000000000000e+03 1.000000000000000000e+00 0.000000000000000000e+00
5.848600000000000000e+04 1.000000000000000000e+03 1.000000000000000000e+00 0.000000000000000000e+00
5.848700000000000000e+04 1.000000000000000000e+03 0.000000000000000000e+00 0.000000000000000000e+00
5.848700000000000000e+04 1.000000000000000000e+03 0.000000000000000000e+00 0.000000000000000000e+00
5.848700000000000000e+04 1.000000000000000000e+03 0.000000000000000000e+00 0.000000000000000000e+00
5.849000000000000000e+04 1.000000000000000000e+03 1.000000000000000000e+00 0.000000000000000000e+00
5.849000000000000000e+04 1.000000000000000000e+03 1.000000000000000000e+00 0.000000000000000000e+00
5.849100000000000000e+04 1.000000000000000000e+03 1.000000000000000000e+00 0.000000000000000000e+00
5.849100000000000000e+04 1.000000000000000000e+03 1.000000000000000000e+00 0.000000000000000000e+00
5.858200000000000000e+04 1.000000000000000000e+03 1.000000000000000000e+03 0.000000000000000000e+00
5.859300000000000000e+04 1.000000000000000000e+03 1.000000000000000000e+03 0.000000000000000000e+00
5.860100000000000000e+04 1.000000000000000000e+03 1.000000000000000000e+03 0.000000000000000000e+00
5.860700000000000000e+04 1.000000000000000000e+03 1.000000000000000000e+00 0.000000000000000000e+00
5.860700000000000000e+04 1.000000000000000000e+03 1.000000000000000000e+00 0.000000000000000000e+00
5.861700000000000000e+04 1.000000000000000000e+03 1.000000000000000000e+03 0.000000000000000000e+00
5.862800000000000000e+04 1.000000000000000000e+03 1.000000000000000000e+00 0.000000000000000000e+00
5.862800000000000000e+04 1.000000000000000000e+03 1.000000000000000000e+00 0.000000000000000000e+00
5.863400000000000000e+04 1.000000000000000000e+03 0.000000000000000000e+00 0.000000000000000000e+00
5.863400000000000000e+04 1.000000000000000000e+03 0.000000000000000000e+00 0.000000000000000000e+00
5.863400000000000000e+04 1.000000000000000000e+03 0.000000000000000000e+00 0.000000000000000000e+00
5.863700000000000000e+04 1.000000000000000000e+03 1.000000000000000000e+00 0.000000000000000000e+00
5.863700000000000000e+04 1.000000000000000000e+03 1.000000000000000000e+00 0.000000000000000000e+00
5.864000000000000000e+04 1.000000000000000000e+03 0.000000000000000000e+00 0.000000000000000000e+00
5.864000000000000000e+04 1.000000000000000000e+03 0.000000000000000000e+00 0.000000000000000000e+00
5.864400000000000000e+04 1.000000000000000000e+03 1.000000000000000000e+03 0.000000000000000000e+00
5.865000000000000000e+04 1.000000000000000000e+03 1.000000000000000000e+00 0.000000000000000000e+00
5.865000000000000000e+04 1.000000000000000000e+03 1.000000000000000000e+00 0.000000000000000000e+00
5.865300000000000000e+04 1.000000000000000000e+03 1.000000000000000000e+00 0.000000000000000000e+00
5.865300000000000000e+04 1.000000000000000000e+03 1.000000000000000000e+00 0.000000000000000000e+00
5.865700000000000000e+04 1.000000000000000000e+03 1.000000000000000000e+03 0.000000000000000000e+00
5.865800000000000000e+04 1.000000000000000000e+03 1.000000000000000000e+03 0.000000000000000000e+00
5.866100000000000000e+04 0.000000000000000000e+00 1.000000000000000000e+03 0.000000000000000000e+00
5.866200000000000000e+04 1.000000000000000000e+03 1.000000000000000000e+00 0.000000000000000000e+00
5.866200000000000000e+04 1.000000000000000000e+03 1.000000000000000000e+00 0.000000000000000000e+00
5.866300000000000000e+04 1.000000000000000000e+03 1.000000000000000000e+03 0.000000000000000000e+00
5.866500000000000000e+04 1.000000000000000000e+03 1.000000000000000000e+00 0.000000000000000000e+00
5.866500000000000000e+04 1.000000000000000000e+03 1.000000000000000000e+00 0.000000000000000000e+00
5.866800000000000000e+04 1.000000000000000000e+03 1.000000000000000000e+00 0.000000000000000000e+00
5.866800000000000000e+04 1.000000000000000000e+03 1.000000000000000000e+00 0.000000000000000000e+00
5.867200000000000000e+04 1.000000000000000000e+03 0.000000000000000000e+00 0.000000000000000000e+00
5.867200000000000000e+04 1.000000000000000000e+03 0.000000000000000000e+00 0.000000000000000000e+00
5.867200000000000000e+04 1.000000000000000000e+03 0.000000000000000000e+00 0.000000000000000000e+00
5.867200000000000000e+04 1.000000000000000000e+03 0.000000000000000000e+00 0.000000000000000000e+00
5.867200000000000000e+04 1.000000000000000000e+03 0.000000000000000000e+00 0.000000000000000000e+00
5.867200000000000000e+04 1.000000000000000000e+03 0.000000000000000000e+00 0.000000000000000000e+00
5.867200000000000000e+04 1.000000000000000000e+03 0.000000000000000000e+00 0.000000000000000000e+00
5.867200000000000000e+04 1.000000000000000000e+03 0.000000000000000000e+00 0.000000000000000000e+00
5.867200000000000000e+04 1.000000000000000000e+03 0.000000000000000000e+00 0.000000000000000000e+00
5.867200000000000000e+04 1.000000000000000000e+03 0.000000000000000000e+00 0.000000000000000000e+00
5.867200000000000000e+04 1.000000000000000000e+03 0.000000000000000000e+00 0.000000000000000000e+00
5.867200000000000000e+04 1.000000000000000000e+03 0.000000000000000000e+00 0.000000000000000000e+00
5.867200000000000000e+04 1.000000000000000000e+03 0.000000000000000000e+00 0.000000000000000000e+00
5.867200000000000000e+04 1.000000000000000000e+03 0.000000000000000000e+00 0.000000000000000000e+00
5.867200000000000000e+04 1.000000000000000000e+03 0.000000000000000000e+00 0.000000000000000000e+00
5.867200000000000000e+04 1.000000000000000000e+03 0.000000000000000000e+00 0.000000000000000000e+00
5.867200000000000000e+04 1.000000000000000000e+03 0.000000000000000000e+00 0.000000000000000000e+00
5.867200000000000000e+04 1.000000000000000000e+03 0.000000000000000000e+00 0.000000000000000000e+00
5.867200000000000000e+04 1.000000000000000000e+03 0.000000000000000000e+00 0.000000000000000000e+00
5.867200000000000000e+04 1.000000000000000000e+03 0.000000000000000000e+00 0.000000000000000000e+00
5.867200000000000000e+04 1.000000000000000000e+03 0.000000000000000000e+00 0.000000000000000000e+00
5.867200000000000000e+04 1.000000000000000000e+03 0.000000000000000000e+00 0.000000000000000000e+00
5.867200000000000000e+04 1.000000000000000000e+03 0.000000000000000000e+00 0.000000000000000000e+00
5.867200000000000000e+04 1.000000000000000000e+03 0.000000000000000000e+00 0.000000000000000000e+00
5.867200000000000000e+04 1.000000000000000000e+03 0.000000000000000000e+00 0.000000000000000000e+00
5.867200000000000000e+04 1.000000000000000000e+03 0.000000000000000000e+00 0.000000000000000000e+00
5.867200000000000000e+04 1.000000000000000000e+03 0.000000000000000000e+00 0.000000000000000000e+00
5.867200000000000000e+04 1.000000000000000000e+03 0.000000000000000000e+00 0.000000000000000000e+00
5.867200000000000000e+04 1.000000000000000000e+03 0.000000000000000000e+00 0.000000000000000000e+00
5.867200000000000000e+04 1.000000000000000000e+03 0.000000000000000000e+00 0.000000000000000000e+00
5.867200000000000000e+04 1.000000000000000000e+03 0.000000000000000000e+00 0.000000000000000000e+00
5.867200000000000000e+04 1.000000000000000000e+03 0.000000000000000000e+00 0.000000000000000000e+00
5.867200000000000000e+04 1.000000000000000000e+03 0.000000000000000000e+00 0.000000000000000000e+00
5.867200000000000000e+04 1.000000000000000000e+03 0.000000000000000000e+00 0.000000000000000000e+00
5.867200000000000000e+04 1.000000000000000000e+03 0.000000000000000000e+00 0.000000000000000000e+00
5.867200000000000000e+04 1.000000000000000000e+03 0.000000000000000000e+00 0.000000000000000000e+00
5.867200000000000000e+04 1.000000000000000000e+03 0.000000000000000000e+00 0.000000000000000000e+00
5.867200000000000000e+04 1.000000000000000000e+03 0.000000000000000000e+00 0.000000000000000000e+00
5.867200000000000000e+04 1.000000000000000000e+03 0.000000000000000000e+00 0.000000000000000000e+00
5.867200000000000000e+04 1.000000000000000000e+03 0.000000000000000000e+00 0.000000000000000000e+00
5.867200000000000000e+04 1.000000000000000000e+03 0.000000000000000000e+00 0.000000000000000000e+00
5.867200000000000000e+04 1.000000000000000000e+03 0.000000000000000000e+00 0.000000000000000000e+00
5.867200000000000000e+04 1.000000000000000000e+03 0.000000000000000000e+00 0.000000000000000000e+00
5.867200000000000000e+04 1.000000000000000000e+03 0.000000000000000000e+00 0.000000000000000000e+00
5.867200000000000000e+04 1.000000000000000000e+03 0.000000000000000000e+00 0.000000000000000000e+00
5.867200000000000000e+04 1.000000000000000000e+03 0.000000000000000000e+00 0.000000000000000000e+00
5.867200000000000000e+04 1.000000000000000000e+03 0.000000000000000000e+00 0.000000000000000000e+00
5.867200000000000000e+04 1.000000000000000000e+03 0.000000000000000000e+00 0.000000000000000000e+00
5.867200000000000000e+04 1.000000000000000000e+03 0.000000000000000000e+00 0.000000000000000000e+00
5.867200000000000000e+04 1.000000000000000000e+03 0.000000000000000000e+00 0.000000000000000000e+00
5.867200000000000000e+04 1.000000000000000000e+03 0.000000000000000000e+00 0.000000000000000000e+00
5.867200000000000000e+04 1.000000000000000000e+03 0.000000000000000000e+00 0.000000000000000000e+00
5.867200000000000000e+04 1.000000000000000000e+03 0.000000000000000000e+00 0.000000000000000000e+00
5.867200000000000000e+04 1.000000000000000000e+03 0.000000000000000000e+00 0.000000000000000000e+00
5.867200000000000000e+04 1.000000000000000000e+03 0.000000000000000000e+00 0.000000000000000000e+00
5.867200000000000000e+04 1.000000000000000000e+03 0.000000000000000000e+00 0.000000000000000000e+00
5.867200000000000000e+04 1.000000000000000000e+03 0.000000000000000000e+00 0.000000000000000000e+00
5.867200000000000000e+04 1.000000000000000000e+03 0.000000000000000000e+00 0.000000000000000000e+00
5.867200000000000000e+04 1.000000000000000000e+03 0.000000000000000000e+00 0.000000000000000000e+00
5.867200000000000000e+04 1.000000000000000000e+03 0.000000000000000000e+00 0.000000000000000000e+00
5.867200000000000000e+04 1.000000000000000000e+03 0.000000000000000000e+00 0.000000000000000000e+00
5.867200000000000000e+04 1.000000000000000000e+03 0.000000000000000000e+00 0.000000000000000000e+00
5.867200000000000000e+04 1.000000000000000000e+03 0.000000000000000000e+00 0.000000000000000000e+00
5.867200000000000000e+04 1.000000000000000000e+03 0.000000000000000000e+00 0.000000000000000000e+00
5.867200000000000000e+04 1.000000000000000000e+03 0.000000000000000000e+00 0.000000000000000000e+00
5.867200000000000000e+04 1.000000000000000000e+03 0.000000000000000000e+00 0.000000000000000000e+00
5.867200000000000000e+04 1.000000000000000000e+03 0.000000000000000000e+00 0.000000000000000000e+00
5.867200000000000000e+04 1.000000000000000000e+03 0.000000000000000000e+00 0.000000000000000000e+00
5.867200000000000000e+04 1.000000000000000000e+03 0.000000000000000000e+00 0.000000000000000000e+00
5.867200000000000000e+04 1.000000000000000000e+03 0.000000000000000000e+00 0.000000000000000000e+00
5.867200000000000000e+04 1.000000000000000000e+03 0.000000000000000000e+00 0.000000000000000000e+00
5.867200000000000000e+04 1.000000000000000000e+03 0.000000000000000000e+00 0.000000000000000000e+00
5.867200000000000000e+04 1.000000000000000000e+03 0.000000000000000000e+00 0.000000000000000000e+00
5.867200000000000000e+04 1.000000000000000000e+03 0.000000000000000000e+00 0.000000000000000000e+00
5.867200000000000000e+04 1.000000000000000000e+03 0.000000000000000000e+00 0.000000000000000000e+00
5.867200000000000000e+04 1.000000000000000000e+03 0.000000000000000000e+00 0.000000000000000000e+00
5.867200000000000000e+04 1.000000000000000000e+03 0.000000000000000000e+00 0.000000000000000000e+00
5.867200000000000000e+04 1.000000000000000000e+03 0.000000000000000000e+00 0.000000000000000000e+00
5.867200000000000000e+04 1.000000000000000000e+03 0.000000000000000000e+00 0.000000000000000000e+00
5.867200000000000000e+04 1.000000000000000000e+03 0.000000000000000000e+00 0.000000000000000000e+00
5.867200000000000000e+04 1.000000000000000000e+03 0.000000000000000000e+00 0.000000000000000000e+00
5.867200000000000000e+04 1.000000000000000000e+03 0.000000000000000000e+00 0.000000000000000000e+00
5.867200000000000000e+04 1.000000000000000000e+03 0.000000000000000000e+00 0.000000000000000000e+00
5.867200000000000000e+04 1.000000000000000000e+03 0.000000000000000000e+00 0.000000000000000000e+00
5.867200000000000000e+04 1.000000000000000000e+03 0.000000000000000000e+00 0.000000000000000000e+00
5.867200000000000000e+04 1.000000000000000000e+03 0.000000000000000000e+00 0.000000000000000000e+00
5.867200000000000000e+04 1.000000000000000000e+03 0.000000000000000000e+00 0.000000000000000000e+00
5.867200000000000000e+04 1.000000000000000000e+03 0.000000000000000000e+00 0.000000000000000000e+00
5.867200000000000000e+04 1.000000000000000000e+03 0.000000000000000000e+00 0.000000000000000000e+00
5.867200000000000000e+04 1.000000000000000000e+03 0.000000000000000000e+00 0.000000000000000000e+00
5.867200000000000000e+04 1.000000000000000000e+03 0.000000000000000000e+00 0.000000000000000000e+00
5.867200000000000000e+04 1.000000000000000000e+03 0.000000000000000000e+00 0.000000000000000000e+00
5.867200000000000000e+04 1.000000000000000000e+03 0.000000000000000000e+00 0.000000000000000000e+00
5.867200000000000000e+04 1.000000000000000000e+03 0.000000000000000000e+00 0.000000000000000000e+00
5.867200000000000000e+04 1.000000000000000000e+03 0.000000000000000000e+00 0.000000000000000000e+00
5.867200000000000000e+04 1.000000000000000000e+03 0.000000000000000000e+00 0.000000000000000000e+00
5.867200000000000000e+04 1.000000000000000000e+03 0.000000000000000000e+00 0.000000000000000000e+00
5.867200000000000000e+04 1.000000000000000000e+03 0.000000000000000000e+00 0.000000000000000000e+00
5.867200000000000000e+04 1.000000000000000000e+03 0.000000000000000000e+00 0.000000000000000000e+00
5.867200000000000000e+04 1.000000000000000000e+03 0.000000000000000000e+00 0.000000000000000000e+00
5.867200000000000000e+04 1.000000000000000000e+03 0.000000000000000000e+00 0.000000000000000000e+00
5.867200000000000000e+04 1.000000000000000000e+03 0.000000000000000000e+00 0.000000000000000000e+00
5.867200000000000000e+04 1.000000000000000000e+03 0.000000000000000000e+00 0.000000000000000000e+00
5.867200000000000000e+04 1.000000000000000000e+03 0.000000000000000000e+00 0.000000000000000000e+00
5.867200000000000000e+04 1.000000000000000000e+03 0.000000000000000000e+00 0.000000000000000000e+00
5.867200000000000000e+04 1.000000000000000000e+03 0.000000000000000000e+00 0.000000000000000000e+00
5.867200000000000000e+04 1.000000000000000000e+03 0.000000000000000000e+00 0.000000000000000000e+00
5.867200000000000000e+04 1.000000000000000000e+03 0.000000000000000000e+00 0.000000000000000000e+00
5.867200000000000000e+04 1.000000000000000000e+03 0.000000000000000000e+00 0.000000000000000000e+00
5.867200000000000000e+04 1.000000000000000000e+03 0.000000000000000000e+00 0.000000000000000000e+00
5.867200000000000000e+04 1.000000000000000000e+03 0.000000000000000000e+00 0.000000000000000000e+00
5.867200000000000000e+04 1.000000000000000000e+03 0.000000000000000000e+00 0.000000000000000000e+00
5.867200000000000000e+04 1.000000000000000000e+03 0.000000000000000000e+00 0.000000000000000000e+00
5.867200000000000000e+04 1.000000000000000000e+03 0.000000000000000000e+00 0.000000000000000000e+00
5.867200000000000000e+04 1.000000000000000000e+03 0.000000000000000000e+00 0.000000000000000000e+00
5.867200000000000000e+04 1.000000000000000000e+03 0.000000000000000000e+00 0.000000000000000000e+00
5.867200000000000000e+04 1.000000000000000000e+03 0.000000000000000000e+00 0.000000000000000000e+00
5.867200000000000000e+04 1.000000000000000000e+03 0.000000000000000000e+00 0.000000000000000000e+00
5.867200000000000000e+04 1.000000000000000000e+03 0.000000000000000000e+00 0.000000000000000000e+00
5.867200000000000000e+04 1.000000000000000000e+03 0.000000000000000000e+00 0.000000000000000000e+00
5.867200000000000000e+04 1.000000000000000000e+03 0.000000000000000000e+00 0.000000000000000000e+00
5.867200000000000000e+04 1.000000000000000000e+03 0.000000000000000000e+00 0.000000000000000000e+00
5.867200000000000000e+04 1.000000000000000000e+03 0.000000000000000000e+00 0.000000000000000000e+00
5.867200000000000000e+04 1.000000000000000000e+03 0.000000000000000000e+00 0.000000000000000000e+00
5.867200000000000000e+04 1.000000000000000000e+03 0.000000000000000000e+00 0.000000000000000000e+00
5.867200000000000000e+04 1.000000000000000000e+03 0.000000000000000000e+00 0.000000000000000000e+00
5.867200000000000000e+04 1.000000000000000000e+03 0.000000000000000000e+00 0.000000000000000000e+00
5.867200000000000000e+04 1.000000000000000000e+03 0.000000000000000000e+00 0.000000000000000000e+00
5.867200000000000000e+04 1.000000000000000000e+03 0.000000000000000000e+00 0.000000000000000000e+00
5.867200000000000000e+04 1.000000000000000000e+03 0.000000000000000000e+00 0.000000000000000000e+00
5.867200000000000000e+04 1.000000000000000000e+03 0.000000000000000000e+00 0.000000000000000000e+00
5.867200000000000000e+04 1.000000000000000000e+03 0.000000000000000000e+00 0.000000000000000000e+00
5.867200000000000000e+04 1.000000000000000000e+03 0.000000000000000000e+00 0.000000000000000000e+00
5.867200000000000000e+04 1.000000000000000000e+03 0.000000000000000000e+00 0.000000000000000000e+00
5.867200000000000000e+04 1.000000000000000000e+03 0.000000000000000000e+00 0.000000000000000000e+00
5.867200000000000000e+04 1.000000000000000000e+03 0.000000000000000000e+00 0.000000000000000000e+00
5.867200000000000000e+04 1.000000000000000000e+03 0.000000000000000000e+00 0.000000000000000000e+00
5.867200000000000000e+04 1.000000000000000000e+03 0.000000000000000000e+00 0.000000000000000000e+00
5.867200000000000000e+04 1.000000000000000000e+03 0.000000000000000000e+00 0.000000000000000000e+00
5.867200000000000000e+04 1.000000000000000000e+03 0.000000000000000000e+00 0.000000000000000000e+00
5.867200000000000000e+04 1.000000000000000000e+03 0.000000000000000000e+00 0.000000000000000000e+00
5.867200000000000000e+04 1.000000000000000000e+03 0.000000000000000000e+00 0.000000000000000000e+00
5.867200000000000000e+04 1.000000000000000000e+03 0.000000000000000000e+00 0.000000000000000000e+00
5.867400000000000000e+04 1.000000000000000000e+03 1.000000000000000000e+03 0.000000000000000000e+00
5.867700000000000000e+04 0.000000000000000000e+00 1.000000000000000000e+03 0.000000000000000000e+00
5.868000000000000000e+04 1.000000000000000000e+03 0.000000000000000000e+00 0.000000000000000000e+00
5.868000000000000000e+04 1.000000000000000000e+03 0.000000000000000000e+00 0.000000000000000000e+00
5.868400000000000000e+04 0.000000000000000000e+00 1.000000000000000000e+03 0.000000000000000000e+00
5.868800000000000000e+04 0.000000000000000000e+00 1.000000000000000000e+03 0.000000000000000000e+00
5.869100000000000000e+04 1.000000000000000000e+03 1.000000000000000000e+00 0.000000000000000000e+00
5.869100000000000000e+04 1.000000000000000000e+03 1.000000000000000000e+00 0.000000000000000000e+00
5.869400000000000000e+04 1.000000000000000000e+03 0.000000000000000000e+00 0.000000000000000000e+00
5.869400000000000000e+04 1.000000000000000000e+03 0.000000000000000000e+00 0.000000000000000000e+00
5.869700000000000000e+04 1.000000000000000000e+03 1.000000000000000000e+03 0.000000000000000000e+00
5.870000000000000000e+04 0.000000000000000000e+00 1.000000000000000000e+03 0.000000000000000000e+00
5.870300000000000000e+04 0.000000000000000000e+00 1.000000000000000000e+03 0.000000000000000000e+00
5.870600000000000000e+04 1.000000000000000000e+03 1.000000000000000000e+03 0.000000000000000000e+00
5.870900000000000000e+04 1.000000000000000000e+03 1.000000000000000000e+03 0.000000000000000000e+00
5.871200000000000000e+04 0.000000000000000000e+00 1.000000000000000000e+03 0.000000000000000000e+00
5.871500000000000000e+04 0.000000000000000000e+00 1.000000000000000000e+03 0.000000000000000000e+00
5.871800000000000000e+04 0.000000000000000000e+00 1.000000000000000000e+03 0.000000000000000000e+00
5.872500000000000000e+04 0.000000000000000000e+00 1.000000000000000000e+03 0.000000000000000000e+00
5.873200000000000000e+04 1.000000000000000000e+03 0.000000000000000000e+00 0.000000000000000000e+00
5.873200000000000000e+04 1.000000000000000000e+03 0.000000000000000000e+00 0.000000000000000000e+00
5.873600000000000000e+04 1.000000000000000000e+03 1.000000000000000000e+03 0.000000000000000000e+00
5.874400000000000000e+04 1.000000000000000000e+03 1.000000000000000000e+03 0.000000000000000000e+00
5.874700000000000000e+04 1.000000000000000000e+03 1.000000000000000000e+03 0.000000000000000000e+00
5.875000000000000000e+04 1.000000000000000000e+03 1.000000000000000000e+00 0.000000000000000000e+00
5.875000000000000000e+04 1.000000000000000000e+03 1.000000000000000000e+00 0.000000000000000000e+00
5.875400000000000000e+04 1.000000000000000000e+03 1.000000000000000000e+00 0.000000000000000000e+00
5.875400000000000000e+04 1.000000000000000000e+03 1.000000000000000000e+00 0.000000000000000000e+00
5.875700000000000000e+04 1.000000000000000000e+03 1.000000000000000000e+00 0.000000000000000000e+00
5.875700000000000000e+04 1.000000000000000000e+03 1.000000000000000000e+00 0.000000000000000000e+00
5.876000000000000000e+04 1.000000000000000000e+03 1.000000000000000000e+03 0.000000000000000000e+00
5.876400000000000000e+04 1.000000000000000000e+03 1.000000000000000000e+03 0.000000000000000000e+00
5.876700000000000000e+04 1.000000000000000000e+03 0.000000000000000000e+00 0.000000000000000000e+00
5.877000000000000000e+04 1.000000000000000000e+03 1.000000000000000000e+03 0.000000000000000000e+00
5.877500000000000000e+04 1.000000000000000000e+03 1.000000000000000000e+03 0.000000000000000000e+00
5.877800000000000000e+04 1.000000000000000000e+03 1.000000000000000000e+03 0.000000000000000000e+00
5.878100000000000000e+04 1.000000000000000000e+03 1.000000000000000000e+00 0.000000000000000000e+00
5.878100000000000000e+04 1.000000000000000000e+03 1.000000000000000000e+00 0.000000000000000000e+00
5.878500000000000000e+04 1.000000000000000000e+03 1.000000000000000000e+03 0.000000000000000000e+00
5.878800000000000000e+04 1.000000000000000000e+03 1.000000000000000000e+00 0.000000000000000000e+00
5.878800000000000000e+04 1.000000000000000000e+03 1.000000000000000000e+00 0.000000000000000000e+00
5.879100000000000000e+04 1.000000000000000000e+03 1.000000000000000000e+03 0.000000000000000000e+00
5.879400000000000000e+04 0.000000000000000000e+00 1.000000000000000000e+03 0.000000000000000000e+00
5.879700000000000000e+04 0.000000000000000000e+00 1.000000000000000000e+03 0.000000000000000000e+00
5.880100000000000000e+04 1.000000000000000000e+03 1.000000000000000000e+03 0.000000000000000000e+00
5.880500000000000000e+04 1.000000000000000000e+03 1.000000000000000000e+03 0.000000000000000000e+00
5.881100000000000000e+04 1.000000000000000000e+03 1.000000000000000000e+03 0.000000000000000000e+00
5.881400000000000000e+04 1.000000000000000000e+03 1.000000000000000000e+03 0.000000000000000000e+00
5.882900000000000000e+04 0.000000000000000000e+00 1.000000000000000000e+03 0.000000000000000000e+00
5.883300000000000000e+04 1.000000000000000000e+03 1.000000000000000000e+03 0.000000000000000000e+00
5.883700000000000000e+04 1.000000000000000000e+03 1.000000000000000000e+00 0.000000000000000000e+00
5.883700000000000000e+04 1.000000000000000000e+03 1.000000000000000000e+00 0.000000000000000000e+00
5.884600000000000000e+04 1.000000000000000000e+03 0.000000000000000000e+00 0.000000000000000000e+00
5.884600000000000000e+04 1.000000000000000000e+03 0.000000000000000000e+00 0.000000000000000000e+00
5.884600000000000000e+04 1.000000000000000000e+03 0.000000000000000000e+00 0.000000000000000000e+00
5.885200000000000000e+04 1.000000000000000000e+03 0.000000000000000000e+00 0.000000000000000000e+00
5.885200000000000000e+04 1.000000000000000000e+03 0.000000000000000000e+00 0.000000000000000000e+00
5.885200000000000000e+04 1.000000000000000000e+03 0.000000000000000000e+00 0.000000000000000000e+00
5.885400000000000000e+04 1.000000000000000000e+03 0.000000000000000000e+00 0.000000000000000000e+00
5.885400000000000000e+04 1.000000000000000000e+03 0.000000000000000000e+00 0.000000000000000000e+00
5.885400000000000000e+04 1.000000000000000000e+03 0.000000000000000000e+00 0.000000000000000000e+00
5.885400000000000000e+04 1.000000000000000000e+03 0.000000000000000000e+00 0.000000000000000000e+00
5.894100000000000000e+04 1.000000000000000000e+03 1.000000000000000000e+03 0.000000000000000000e+00
5.896400000000000000e+04 1.000000000000000000e+03 1.000000000000000000e+00 0.000000000000000000e+00
5.896400000000000000e+04 1.000000000000000000e+03 1.000000000000000000e+00 0.000000000000000000e+00
5.896700000000000000e+04 1.000000000000000000e+03 1.000000000000000000e+03 0.000000000000000000e+00
5.897000000000000000e+04 1.000000000000000000e+03 1.000000000000000000e+00 0.000000000000000000e+00
5.897000000000000000e+04 1.000000000000000000e+03 1.000000000000000000e+00 0.000000000000000000e+00
5.897500000000000000e+04 1.000000000000000000e+03 1.000000000000000000e+03 0.000000000000000000e+00
5.898600000000000000e+04 1.000000000000000000e+03 0.000000000000000000e+00 0.000000000000000000e+00
5.898600000000000000e+04 1.000000000000000000e+03 0.000000000000000000e+00 0.000000000000000000e+00
5.899200000000000000e+04 1.000000000000000000e+03 1.000000000000000000e+00 0.000000000000000000e+00
5.899200000000000000e+04 1.000000000000000000e+03 1.000000000000000000e+00 0.000000000000000000e+00
5.899500000000000000e+04 1.000000000000000000e+03 1.000000000000000000e+00 0.000000000000000000e+00
5.899500000000000000e+04 1.000000000000000000e+03 1.000000000000000000e+00 0.000000000000000000e+00
5.899600000000000000e+04 1.000000000000000000e+03 1.000000000000000000e+03 0.000000000000000000e+00
5.899700000000000000e+04 1.000000000000000000e+03 1.000000000000000000e+03 0.000000000000000000e+00
5.899800000000000000e+04 1.000000000000000000e+03 1.000000000000000000e+00 0.000000000000000000e+00
5.899800000000000000e+04 1.000000000000000000e+03 1.000000000000000000e+00 0.000000000000000000e+00
5.900100000000000000e+04 1.000000000000000000e+03 1.000000000000000000e+00 0.000000000000000000e+00
5.900100000000000000e+04 1.000000000000000000e+03 1.000000000000000000e+00 0.000000000000000000e+00
5.901000000000000000e+04 0.000000000000000000e+00 1.000000000000000000e+03 0.000000000000000000e+00
5.901300000000000000e+04 1.000000000000000000e+03 1.000000000000000000e+00 0.000000000000000000e+00
5.901300000000000000e+04 1.000000000000000000e+03 1.000000000000000000e+00 0.000000000000000000e+00
5.901600000000000000e+04 0.000000000000000000e+00 1.000000000000000000e+03 0.000000000000000000e+00
5.901900000000000000e+04 1.000000000000000000e+03 1.000000000000000000e+00 0.000000000000000000e+00
5.901900000000000000e+04 1.000000000000000000e+03 1.000000000000000000e+00 0.000000000000000000e+00
5.902000000000000000e+04 1.000000000000000000e+03 1.000000000000000000e+03 0.000000000000000000e+00
5.902200000000000000e+04 1.000000000000000000e+03 1.000000000000000000e+00 0.000000000000000000e+00
5.902200000000000000e+04 1.000000000000000000e+03 1.000000000000000000e+00 0.000000000000000000e+00
5.902500000000000000e+04 0.000000000000000000e+00 1.000000000000000000e+03 0.000000000000000000e+00
5.902800000000000000e+04 0.000000000000000000e+00 1.000000000000000000e+03 0.000000000000000000e+00
5.903100000000000000e+04 0.000000000000000000e+00 1.000000000000000000e+03 0.000000000000000000e+00
5.903400000000000000e+04 1.000000000000000000e+03 1.000000000000000000e+00 0.000000000000000000e+00
5.903400000000000000e+04 1.000000000000000000e+03 1.000000000000000000e+00 0.000000000000000000e+00
5.904000000000000000e+04 1.000000000000000000e+03 1.000000000000000000e+00 0.000000000000000000e+00
5.904000000000000000e+04 1.000000000000000000e+03 1.000000000000000000e+00 0.000000000000000000e+00
5.904300000000000000e+04 1.000000000000000000e+03 1.000000000000000000e+00 0.000000000000000000e+00
5.904300000000000000e+04 1.000000000000000000e+03 1.000000000000000000e+00 0.000000000000000000e+00
5.904600000000000000e+04 1.000000000000000000e+03 0.000000000000000000e+00 0.000000000000000000e+00
5.904600000000000000e+04 1.000000000000000000e+03 0.000000000000000000e+00 0.000000000000000000e+00
5.904600000000000000e+04 1.000000000000000000e+03 0.000000000000000000e+00 0.000000000000000000e+00
5.904800000000000000e+04 1.000000000000000000e+03 1.000000000000000000e+03 0.000000000000000000e+00
5.904900000000000000e+04 1.000000000000000000e+03 1.000000000000000000e+03 0.000000000000000000e+00
5.905100000000000000e+04 1.000000000000000000e+03 1.000000000000000000e+03 0.000000000000000000e+00
5.905200000000000000e+04 1.000000000000000000e+03 1.000000000000000000e+03 0.000000000000000000e+00
5.905400000000000000e+04 1.000000000000000000e+03 1.000000000000000000e+03 0.000000000000000000e+00
5.905500000000000000e+04 1.000000000000000000e+03 0.000000000000000000e+00 0.000000000000000000e+00
5.905500000000000000e+04 1.000000000000000000e+03 0.000000000000000000e+00 0.000000000000000000e+00
5.905500000000000000e+04 1.000000000000000000e+03 0.000000000000000000e+00 0.000000000000000000e+00
5.905600000000000000e+04 1.000000000000000000e+03 1.000000000000000000e+03 0.000000000000000000e+00
5.905700000000000000e+04 1.000000000000000000e+03 1.000000000000000000e+03 0.000000000000000000e+00
5.905900000000000000e+04 1.000000000000000000e+03 1.000000000000000000e+00 0.000000000000000000e+00
5.905900000000000000e+04 1.000000000000000000e+03 1.000000000000000000e+00 0.000000000000000000e+00
5.906000000000000000e+04 1.000000000000000000e+03 1.000000000000000000e+03 0.000000000000000000e+00
5.906200000000000000e+04 1.000000000000000000e+03 1.000000000000000000e+00 0.000000000000000000e+00
5.906200000000000000e+04 1.000000000000000000e+03 1.000000000000000000e+00 0.000000000000000000e+00
5.906300000000000000e+04 1.000000000000000000e+03 1.000000000000000000e+03 0.000000000000000000e+00
5.906600000000000000e+04 1.000000000000000000e+03 0.000000000000000000e+00 0.000000000000000000e+00
5.906600000000000000e+04 1.000000000000000000e+03 0.000000000000000000e+00 0.000000000000000000e+00
5.906600000000000000e+04 1.000000000000000000e+03 0.000000000000000000e+00 0.000000000000000000e+00
5.906900000000000000e+04 1.000000000000000000e+03 1.000000000000000000e+03 0.000000000000000000e+00
5.907200000000000000e+04 1.000000000000000000e+03 1.000000000000000000e+00 0.000000000000000000e+00
5.907200000000000000e+04 1.000000000000000000e+03 1.000000000000000000e+00 0.000000000000000000e+00
5.907500000000000000e+04 0.000000000000000000e+00 1.000000000000000000e+03 0.000000000000000000e+00
5.907800000000000000e+04 1.000000000000000000e+03 0.000000000000000000e+00 0.000000000000000000e+00
5.907800000000000000e+04 1.000000000000000000e+03 0.000000000000000000e+00 0.000000000000000000e+00
5.907800000000000000e+04 1.000000000000000000e+03 0.000000000000000000e+00 0.000000000000000000e+00
5.907900000000000000e+04 1.000000000000000000e+03 0.000000000000000000e+00 0.000000000000000000e+00
5.908000000000000000e+04 1.000000000000000000e+03 1.000000000000000000e+03 0.000000000000000000e+00
5.908100000000000000e+04 1.000000000000000000e+03 0.000000000000000000e+00 0.000000000000000000e+00
5.908100000000000000e+04 1.000000000000000000e+03 0.000000000000000000e+00 0.000000000000000000e+00
5.908100000000000000e+04 1.000000000000000000e+03 0.000000000000000000e+00 0.000000000000000000e+00
5.908500000000000000e+04 1.000000000000000000e+03 1.000000000000000000e+00 0.000000000000000000e+00
5.908500000000000000e+04 1.000000000000000000e+03 1.000000000000000000e+00 0.000000000000000000e+00
5.908700000000000000e+04 1.000000000000000000e+03 1.000000000000000000e+03 0.000000000000000000e+00
5.908800000000000000e+04 1.000000000000000000e+03 1.000000000000000000e+00 0.000000000000000000e+00
5.908800000000000000e+04 1.000000000000000000e+03 1.000000000000000000e+00 0.000000000000000000e+00
5.908900000000000000e+04 1.000000000000000000e+03 1.000000000000000000e+03 0.000000000000000000e+00
5.909100000000000000e+04 1.000000000000000000e+03 1.000000000000000000e+03 0.000000000000000000e+00
5.909600000000000000e+04 1.000000000000000000e+03 1.000000000000000000e+00 0.000000000000000000e+00
5.909600000000000000e+04 1.000000000000000000e+03 1.000000000000000000e+00 0.000000000000000000e+00
5.909700000000000000e+04 1.000000000000000000e+03 0.000000000000000000e+00 0.000000000000000000e+00
5.909700000000000000e+04 1.000000000000000000e+03 0.000000000000000000e+00 0.000000000000000000e+00
5.909700000000000000e+04 1.000000000000000000e+03 0.000000000000000000e+00 0.000000000000000000e+00
5.909800000000000000e+04 1.000000000000000000e+03 1.000000000000000000e+00 0.000000000000000000e+00
5.909800000000000000e+04 1.000000000000000000e+03 1.000000000000000000e+00 0.000000000000000000e+00
5.909900000000000000e+04 1.000000000000000000e+03 1.000000000000000000e+00 0.000000000000000000e+00
5.909900000000000000e+04 1.000000000000000000e+03 1.000000000000000000e+00 0.000000000000000000e+00
5.910600000000000000e+04 1.000000000000000000e+03 1.000000000000000000e+00 0.000000000000000000e+00
5.910600000000000000e+04 1.000000000000000000e+03 1.000000000000000000e+00 0.000000000000000000e+00
5.910700000000000000e+04 1.000000000000000000e+03 1.000000000000000000e+00 0.000000000000000000e+00
5.910700000000000000e+04 1.000000000000000000e+03 1.000000000000000000e+00 0.000000000000000000e+00
5.910800000000000000e+04 1.000000000000000000e+03 1.000000000000000000e+03 0.000000000000000000e+00
5.910900000000000000e+04 1.000000000000000000e+03 1.000000000000000000e+00 0.000000000000000000e+00
5.910900000000000000e+04 1.000000000000000000e+03 1.000000000000000000e+00 0.000000000000000000e+00
5.911000000000000000e+04 1.000000000000000000e+03 0.000000000000000000e+00 0.000000000000000000e+00
5.911000000000000000e+04 1.000000000000000000e+03 0.000000000000000000e+00 0.000000000000000000e+00
5.911000000000000000e+04 1.000000000000000000e+03 0.000000000000000000e+00 0.000000000000000000e+00
5.911000000000000000e+04 1.000000000000000000e+03 0.000000000000000000e+00 0.000000000000000000e+00
5.911100000000000000e+04 1.000000000000000000e+03 1.000000000000000000e+00 0.000000000000000000e+00
5.911100000000000000e+04 1.000000000000000000e+03 1.000000000000000000e+00 0.000000000000000000e+00
5.911300000000000000e+04 1.000000000000000000e+03 0.000000000000000000e+00 0.000000000000000000e+00
5.911300000000000000e+04 1.000000000000000000e+03 0.000000000000000000e+00 0.000000000000000000e+00
5.911300000000000000e+04 1.000000000000000000e+03 0.000000000000000000e+00 0.000000000000000000e+00
5.911400000000000000e+04 1.000000000000000000e+03 1.000000000000000000e+00 0.000000000000000000e+00
5.911400000000000000e+04 1.000000000000000000e+03 1.000000000000000000e+00 0.000000000000000000e+00
5.911500000000000000e+04 1.000000000000000000e+03 1.000000000000000000e+03 0.000000000000000000e+00
5.911700000000000000e+04 1.000000000000000000e+03 1.000000000000000000e+00 0.000000000000000000e+00
5.911700000000000000e+04 1.000000000000000000e+03 1.000000000000000000e+00 0.000000000000000000e+00
5.912100000000000000e+04 1.000000000000000000e+03 1.000000000000000000e+03 0.000000000000000000e+00
5.912200000000000000e+04 1.000000000000000000e+03 1.000000000000000000e+03 0.000000000000000000e+00
5.912300000000000000e+04 1.000000000000000000e+03 0.000000000000000000e+00 0.000000000000000000e+00
5.912300000000000000e+04 1.000000000000000000e+03 0.000000000000000000e+00 0.000000000000000000e+00
5.912300000000000000e+04 1.000000000000000000e+03 0.000000000000000000e+00 0.000000000000000000e+00
5.912300000000000000e+04 1.000000000000000000e+03 0.000000000000000000e+00 0.000000000000000000e+00
5.912400000000000000e+04 1.000000000000000000e+03 1.000000000000000000e+00 0.000000000000000000e+00
5.912400000000000000e+04 1.000000000000000000e+03 1.000000000000000000e+00 0.000000000000000000e+00
5.912500000000000000e+04 1.000000000000000000e+03 0.000000000000000000e+00 0.000000000000000000e+00
5.912500000000000000e+04 1.000000000000000000e+03 0.000000000000000000e+00 0.000000000000000000e+00
5.912500000000000000e+04 1.000000000000000000e+03 0.000000000000000000e+00 0.000000000000000000e+00
5.912500000000000000e+04 1.000000000000000000e+03 0.000000000000000000e+00 0.000000000000000000e+00
5.912800000000000000e+04 1.000000000000000000e+03 0.000000000000000000e+00 0.000000000000000000e+00
5.912800000000000000e+04 1.000000000000000000e+03 0.000000000000000000e+00 0.000000000000000000e+00
5.912800000000000000e+04 1.000000000000000000e+03 0.000000000000000000e+00 0.000000000000000000e+00
5.912900000000000000e+04 1.000000000000000000e+03 1.000000000000000000e+03 0.000000000000000000e+00
5.913000000000000000e+04 1.000000000000000000e+03 0.000000000000000000e+00 0.000000000000000000e+00
5.913000000000000000e+04 1.000000000000000000e+03 0.000000000000000000e+00 0.000000000000000000e+00
5.913000000000000000e+04 1.000000000000000000e+03 0.000000000000000000e+00 0.000000000000000000e+00
5.913000000000000000e+04 1.000000000000000000e+03 0.000000000000000000e+00 0.000000000000000000e+00
5.913100000000000000e+04 1.000000000000000000e+03 1.000000000000000000e+03 0.000000000000000000e+00
5.913400000000000000e+04 1.000000000000000000e+03 1.000000000000000000e+03 0.000000000000000000e+00
5.913500000000000000e+04 1.000000000000000000e+03 0.000000000000000000e+00 0.000000000000000000e+00
5.913500000000000000e+04 1.000000000000000000e+03 0.000000000000000000e+00 0.000000000000000000e+00
5.913500000000000000e+04 1.000000000000000000e+03 0.000000000000000000e+00 0.000000000000000000e+00
5.913500000000000000e+04 1.000000000000000000e+03 0.000000000000000000e+00 0.000000000000000000e+00
5.913600000000000000e+04 1.000000000000000000e+03 1.000000000000000000e+00 0.000000000000000000e+00
5.913600000000000000e+04 1.000000000000000000e+03 1.000000000000000000e+00 0.000000000000000000e+00
5.913700000000000000e+04 1.000000000000000000e+03 0.000000000000000000e+00 0.000000000000000000e+00
5.913700000000000000e+04 1.000000000000000000e+03 0.000000000000000000e+00 0.000000000000000000e+00
5.913700000000000000e+04 1.000000000000000000e+03 0.000000000000000000e+00 0.000000000000000000e+00
5.913700000000000000e+04 1.000000000000000000e+03 0.000000000000000000e+00 0.000000000000000000e+00
5.913800000000000000e+04 1.000000000000000000e+03 1.000000000000000000e+00 0.000000000000000000e+00
5.913800000000000000e+04 1.000000000000000000e+03 1.000000000000000000e+00 0.000000000000000000e+00
5.913900000000000000e+04 1.000000000000000000e+03 0.000000000000000000e+00 0.000000000000000000e+00
5.913900000000000000e+04 1.000000000000000000e+03 0.000000000000000000e+00 0.000000000000000000e+00
5.913900000000000000e+04 1.000000000000000000e+03 0.000000000000000000e+00 0.000000000000000000e+00
5.914000000000000000e+04 1.000000000000000000e+03 1.000000000000000000e+00 0.000000000000000000e+00
5.914000000000000000e+04 1.000000000000000000e+03 1.000000000000000000e+00 0.000000000000000000e+00
5.914100000000000000e+04 1.000000000000000000e+03 0.000000000000000000e+00 0.000000000000000000e+00
5.914100000000000000e+04 1.000000000000000000e+03 0.000000000000000000e+00 0.000000000000000000e+00
5.914100000000000000e+04 1.000000000000000000e+03 0.000000000000000000e+00 0.000000000000000000e+00
5.914200000000000000e+04 1.000000000000000000e+03 1.000000000000000000e+00 0.000000000000000000e+00
5.914200000000000000e+04 1.000000000000000000e+03 1.000000000000000000e+00 0.000000000000000000e+00
5.914300000000000000e+04 1.000000000000000000e+03 0.000000000000000000e+00 0.000000000000000000e+00
5.914300000000000000e+04 1.000000000000000000e+03 0.000000000000000000e+00 0.000000000000000000e+00
5.914300000000000000e+04 1.000000000000000000e+03 0.000000000000000000e+00 0.000000000000000000e+00
5.914400000000000000e+04 1.000000000000000000e+03 1.000000000000000000e+03 0.000000000000000000e+00
5.914500000000000000e+04 1.000000000000000000e+03 0.000000000000000000e+00 0.000000000000000000e+00
5.914500000000000000e+04 1.000000000000000000e+03 0.000000000000000000e+00 0.000000000000000000e+00
5.914500000000000000e+04 1.000000000000000000e+03 0.000000000000000000e+00 0.000000000000000000e+00
5.914500000000000000e+04 1.000000000000000000e+03 0.000000000000000000e+00 0.000000000000000000e+00
5.914700000000000000e+04 1.000000000000000000e+03 1.000000000000000000e+03 0.000000000000000000e+00
5.914900000000000000e+04 1.000000000000000000e+03 1.000000000000000000e+00 0.000000000000000000e+00
5.914900000000000000e+04 1.000000000000000000e+03 1.000000000000000000e+00 0.000000000000000000e+00
5.915000000000000000e+04 0.000000000000000000e+00 1.000000000000000000e+03 0.000000000000000000e+00
5.915100000000000000e+04 1.000000000000000000e+03 1.000000000000000000e+03 0.000000000000000000e+00
5.915200000000000000e+04 1.000000000000000000e+03 1.000000000000000000e+00 0.000000000000000000e+00
5.915200000000000000e+04 1.000000000000000000e+03 1.000000000000000000e+00 0.000000000000000000e+00
5.915400000000000000e+04 1.000000000000000000e+03 1.000000000000000000e+03 0.000000000000000000e+00
5.915500000000000000e+04 1.000000000000000000e+03 1.000000000000000000e+03 0.000000000000000000e+00
5.915600000000000000e+04 1.000000000000000000e+03 0.000000000000000000e+00 0.000000000000000000e+00
5.915600000000000000e+04 1.000000000000000000e+03 0.000000000000000000e+00 0.000000000000000000e+00
5.915600000000000000e+04 1.000000000000000000e+03 0.000000000000000000e+00 0.000000000000000000e+00
5.915700000000000000e+04 1.000000000000000000e+03 1.000000000000000000e+03 0.000000000000000000e+00
5.915800000000000000e+04 1.000000000000000000e+03 0.000000000000000000e+00 0.000000000000000000e+00
5.915800000000000000e+04 1.000000000000000000e+03 0.000000000000000000e+00 0.000000000000000000e+00
5.915800000000000000e+04 1.000000000000000000e+03 0.000000000000000000e+00 0.000000000000000000e+00
5.915800000000000000e+04 1.000000000000000000e+03 0.000000000000000000e+00 0.000000000000000000e+00
5.916400000000000000e+04 1.000000000000000000e+03 1.000000000000000000e+00 0.000000000000000000e+00
5.916400000000000000e+04 1.000000000000000000e+03 1.000000000000000000e+00 0.000000000000000000e+00
5.916500000000000000e+04 1.000000000000000000e+03 1.000000000000000000e+00 0.000000000000000000e+00
5.916500000000000000e+04 1.000000000000000000e+03 1.000000000000000000e+00 0.000000000000000000e+00
5.916700000000000000e+04 1.000000000000000000e+03 0.000000000000000000e+00 0.000000000000000000e+00
5.916700000000000000e+04 1.000000000000000000e+03 0.000000000000000000e+00 0.000000000000000000e+00
5.916700000000000000e+04 1.000000000000000000e+03 0.000000000000000000e+00 0.000000000000000000e+00
5.916700000000000000e+04 1.000000000000000000e+03 0.000000000000000000e+00 0.000000000000000000e+00
5.916800000000000000e+04 1.000000000000000000e+03 1.000000000000000000e+00 0.000000000000000000e+00
5.916800000000000000e+04 1.000000000000000000e+03 1.000000000000000000e+00 0.000000000000000000e+00
5.916900000000000000e+04 1.000000000000000000e+03 0.000000000000000000e+00 0.000000000000000000e+00
5.916900000000000000e+04 1.000000000000000000e+03 0.000000000000000000e+00 0.000000000000000000e+00
5.917000000000000000e+04 1.000000000000000000e+03 0.000000000000000000e+00 0.000000000000000000e+00
5.917000000000000000e+04 1.000000000000000000e+03 0.000000000000000000e+00 0.000000000000000000e+00
5.917100000000000000e+04 1.000000000000000000e+03 1.000000000000000000e+03 0.000000000000000000e+00
5.917300000000000000e+04 1.000000000000000000e+03 1.000000000000000000e+03 0.000000000000000000e+00
5.917700000000000000e+04 1.000000000000000000e+03 1.000000000000000000e+03 0.000000000000000000e+00
5.917800000000000000e+04 1.000000000000000000e+03 1.000000000000000000e+03 0.000000000000000000e+00
5.918200000000000000e+04 0.000000000000000000e+00 1.000000000000000000e+03 0.000000000000000000e+00
5.918400000000000000e+04 0.000000000000000000e+00 1.000000000000000000e+03 0.000000000000000000e+00
5.918500000000000000e+04 0.000000000000000000e+00 1.000000000000000000e+03 0.000000000000000000e+00
5.918800000000000000e+04 1.000000000000000000e+03 1.000000000000000000e+03 0.000000000000000000e+00
5.918900000000000000e+04 1.000000000000000000e+03 1.000000000000000000e+00 0.000000000000000000e+00
5.918900000000000000e+04 1.000000000000000000e+03 1.000000000000000000e+00 0.000000000000000000e+00
5.919500000000000000e+04 1.000000000000000000e+03 1.000000000000000000e+00 0.000000000000000000e+00
5.919500000000000000e+04 1.000000000000000000e+03 1.000000000000000000e+00 0.000000000000000000e+00
5.920000000000000000e+04 0.000000000000000000e+00 1.000000000000000000e+03 0.000000000000000000e+00
5.920300000000000000e+04 1.000000000000000000e+03 1.000000000000000000e+03 0.000000000000000000e+00
5.920400000000000000e+04 1.000000000000000000e+03 1.000000000000000000e+03 0.000000000000000000e+00
5.921600000000000000e+04 0.000000000000000000e+00 1.000000000000000000e+03 0.000000000000000000e+00
5.921800000000000000e+04 1.000000000000000000e+03 0.000000000000000000e+00 0.000000000000000000e+00
5.921800000000000000e+04 1.000000000000000000e+03 0.000000000000000000e+00 0.000000000000000000e+00
5.921800000000000000e+04 1.000000000000000000e+03 0.000000000000000000e+00 0.000000000000000000e+00
5.921900000000000000e+04 1.000000000000000000e+03 0.000000000000000000e+00 0.000000000000000000e+00
5.921900000000000000e+04 1.000000000000000000e+03 0.000000000000000000e+00 0.000000000000000000e+00
5.921900000000000000e+04 1.000000000000000000e+03 0.000000000000000000e+00 0.000000000000000000e+00
5.921900000000000000e+04 1.000000000000000000e+03 0.000000000000000000e+00 0.000000000000000000e+00
5.922000000000000000e+04 1.000000000000000000e+03 1.000000000000000000e+00 0.000000000000000000e+00
5.922000000000000000e+04 1.000000000000000000e+03 1.000000000000000000e+00 0.000000000000000000e+00
5.927600000000000000e+04 1.000000000000000000e+03 1.000000000000000000e+00 0.000000000000000000e+00
5.927600000000000000e+04 1.000000000000000000e+03 1.000000000000000000e+00 0.000000000000000000e+00
5.927700000000000000e+04 1.000000000000000000e+03 1.000000000000000000e+00 0.000000000000000000e+00
5.927700000000000000e+04 1.000000000000000000e+03 1.000000000000000000e+00 0.000000000000000000e+00
5.927900000000000000e+04 1.000000000000000000e+03 1.000000000000000000e+00 0.000000000000000000e+00
5.927900000000000000e+04 1.000000000000000000e+03 1.000000000000000000e+00 0.000000000000000000e+00
5.928100000000000000e+04 1.000000000000000000e+03 0.000000000000000000e+00 0.000000000000000000e+00
5.928100000000000000e+04 1.000000000000000000e+03 0.000000000000000000e+00 0.000000000000000000e+00
5.928100000000000000e+04 1.000000000000000000e+03 0.000000000000000000e+00 0.000000000000000000e+00
5.928100000000000000e+04 1.000000000000000000e+03 0.000000000000000000e+00 0.000000000000000000e+00
5.928300000000000000e+04 1.000000000000000000e+03 1.000000000000000000e+00 0.000000000000000000e+00
5.928300000000000000e+04 1.000000000000000000e+03 1.000000000000000000e+00 0.000000000000000000e+00
5.929600000000000000e+04 1.000000000000000000e+03 0.000000000000000000e+00 0.000000000000000000e+00
5.929600000000000000e+04 1.000000000000000000e+03 0.000000000000000000e+00 0.000000000000000000e+00
5.929600000000000000e+04 1.000000000000000000e+03 0.000000000000000000e+00 0.000000000000000000e+00
5.929600000000000000e+04 1.000000000000000000e+03 0.000000000000000000e+00 0.000000000000000000e+00
5.931700000000000000e+04 1.000000000000000000e+03 1.000000000000000000e+00 0.000000000000000000e+00
5.931700000000000000e+04 1.000000000000000000e+03 1.000000000000000000e+00 0.000000000000000000e+00
5.932100000000000000e+04 1.000000000000000000e+03 1.000000000000000000e+03 0.000000000000000000e+00
5.932500000000000000e+04 1.000000000000000000e+03 1.000000000000000000e+00 0.000000000000000000e+00
5.932500000000000000e+04 1.000000000000000000e+03 1.000000000000000000e+00 0.000000000000000000e+00
5.932900000000000000e+04 1.000000000000000000e+03 1.000000000000000000e+00 0.000000000000000000e+00
5.932900000000000000e+04 1.000000000000000000e+03 1.000000000000000000e+00 0.000000000000000000e+00
5.933500000000000000e+04 0.000000000000000000e+00 1.000000000000000000e+03 0.000000000000000000e+00
5.934000000000000000e+04 1.000000000000000000e+03 1.000000000000000000e+00 0.000000000000000000e+00
5.934000000000000000e+04 1.000000000000000000e+03 1.000000000000000000e+00 0.000000000000000000e+00
5.934200000000000000e+04 1.000000000000000000e+03 1.000000000000000000e+00 0.000000000000000000e+00
5.934200000000000000e+04 1.000000000000000000e+03 1.000000000000000000e+00 0.000000000000000000e+00
5.934500000000000000e+04 0.000000000000000000e+00 1.000000000000000000e+03 0.000000000000000000e+00
5.934900000000000000e+04 0.000000000000000000e+00 1.000000000000000000e+03 0.000000000000000000e+00
5.935300000000000000e+04 1.000000000000000000e+03 1.000000000000000000e+00 0.000000000000000000e+00
5.935300000000000000e+04 1.000000000000000000e+03 1.000000000000000000e+00 0.000000000000000000e+00
5.935600000000000000e+04 1.000000000000000000e+03 1.000000000000000000e+00 0.000000000000000000e+00
5.935600000000000000e+04 1.000000000000000000e+03 1.000000000000000000e+00 0.000000000000000000e+00
5.935900000000000000e+04 1.000000000000000000e+03 1.000000000000000000e+00 0.000000000000000000e+00
5.935900000000000000e+04 1.000000000000000000e+03 1.000000000000000000e+00 0.000000000000000000e+00
5.936400000000000000e+04 1.000000000000000000e+03 1.000000000000000000e+00 0.000000000000000000e+00
5.936400000000000000e+04 1.000000000000000000e+03 1.000000000000000000e+00 0.000000000000000000e+00
5.936700000000000000e+04 1.000000000000000000e+03 1.000000000000000000e+00 0.000000000000000000e+00
5.936700000000000000e+04 1.000000000000000000e+03 1.000000000000000000e+00 0.000000000000000000e+00
5.936900000000000000e+04 1.000000000000000000e+03 1.000000000000000000e+00 0.000000000000000000e+00
5.936900000000000000e+04 1.000000000000000000e+03 1.000000000000000000e+00 0.000000000000000000e+00
5.937100000000000000e+04 1.000000000000000000e+03 1.000000000000000000e+00 0.000000000000000000e+00
5.937100000000000000e+04 1.000000000000000000e+03 1.000000000000000000e+00 0.000000000000000000e+00
5.937400000000000000e+04 1.000000000000000000e+03 1.000000000000000000e+03 0.000000000000000000e+00
5.937600000000000000e+04 1.000000000000000000e+03 1.000000000000000000e+00 0.000000000000000000e+00
5.937600000000000000e+04 1.000000000000000000e+03 1.000000000000000000e+00 0.000000000000000000e+00
5.937800000000000000e+04 1.000000000000000000e+03 1.000000000000000000e+00 0.000000000000000000e+00
5.937800000000000000e+04 1.000000000000000000e+03 1.000000000000000000e+00 0.000000000000000000e+00
5.938200000000000000e+04 1.000000000000000000e+03 1.000000000000000000e+00 0.000000000000000000e+00
5.938200000000000000e+04 1.000000000000000000e+03 1.000000000000000000e+00 0.000000000000000000e+00
5.938500000000000000e+04 1.000000000000000000e+03 1.000000000000000000e+03 0.000000000000000000e+00
5.938700000000000000e+04 1.000000000000000000e+03 1.000000000000000000e+03 0.000000000000000000e+00
5.939100000000000000e+04 0.000000000000000000e+00 1.000000000000000000e+03 0.000000000000000000e+00
5.939300000000000000e+04 0.000000000000000000e+00 1.000000000000000000e+03 0.000000000000000000e+00
5.939600000000000000e+04 0.000000000000000000e+00 1.000000000000000000e+03 0.000000000000000000e+00
5.940100000000000000e+04 0.000000000000000000e+00 1.000000000000000000e+03 0.000000000000000000e+00
5.940300000000000000e+04 1.000000000000000000e+03 1.000000000000000000e+00 0.000000000000000000e+00
5.940300000000000000e+04 1.000000000000000000e+03 1.000000000000000000e+00 0.000000000000000000e+00
5.940500000000000000e+04 0.000000000000000000e+00 1.000000000000000000e+03 0.000000000000000000e+00
5.940800000000000000e+04 0.000000000000000000e+00 1.000000000000000000e+03 0.000000000000000000e+00
5.941000000000000000e+04 1.000000000000000000e+03 1.000000000000000000e+00 0.000000000000000000e+00
5.941000000000000000e+04 1.000000000000000000e+03 1.000000000000000000e+00 0.000000000000000000e+00
5.941200000000000000e+04 1.000000000000000000e+03 1.000000000000000000e+03 0.000000000000000000e+00
5.941500000000000000e+04 1.000000000000000000e+03 1.000000000000000000e+00 0.000000000000000000e+00
5.941500000000000000e+04 1.000000000000000000e+03 1.000000000000000000e+00 0.000000000000000000e+00
5.942600000000000000e+04 0.000000000000000000e+00 1.000000000000000000e+03 0.000000000000000000e+00
5.942800000000000000e+04 0.000000000000000000e+00 1.000000000000000000e+03 0.000000000000000000e+00
5.943000000000000000e+04 1.000000000000000000e+03 1.000000000000000000e+00 0.000000000000000000e+00
5.943000000000000000e+04 1.000000000000000000e+03 1.000000000000000000e+00 0.000000000000000000e+00
5.943500000000000000e+04 0.000000000000000000e+00 1.000000000000000000e+03 0.000000000000000000e+00
5.943800000000000000e+04 1.000000000000000000e+03 1.000000000000000000e+00 0.000000000000000000e+00
5.943800000000000000e+04 1.000000000000000000e+03 1.000000000000000000e+00 0.000000000000000000e+00
5.944000000000000000e+04 1.000000000000000000e+03 1.000000000000000000e+03 0.000000000000000000e+00
5.944200000000000000e+04 1.000000000000000000e+03 1.000000000000000000e+00 0.000000000000000000e+00
5.944200000000000000e+04 1.000000000000000000e+03 1.000000000000000000e+00 0.000000000000000000e+00
5.945300000000000000e+04 1.000000000000000000e+03 1.000000000000000000e+00 0.000000000000000000e+00
5.945300000000000000e+04 1.000000000000000000e+03 1.000000000000000000e+00 0.000000000000000000e+00
5.945500000000000000e+04 1.000000000000000000e+03 1.000000000000000000e+00 0.000000000000000000e+00
5.945500000000000000e+04 1.000000000000000000e+03 1.000000000000000000e+00 0.000000000000000000e+00
5.945900000000000000e+04 1.000000000000000000e+03 1.000000000000000000e+03 0.000000000000000000e+00
5.946100000000000000e+04 1.000000000000000000e+03 1.000000000000000000e+03 0.000000000000000000e+00
5.946300000000000000e+04 1.000000000000000000e+03 1.000000000000000000e+03 0.000000000000000000e+00
5.946500000000000000e+04 1.000000000000000000e+03 1.000000000000000000e+03 0.000000000000000000e+00
5.946900000000000000e+04 1.000000000000000000e+03 1.000000000000000000e+00 0.000000000000000000e+00
5.946900000000000000e+04 1.000000000000000000e+03 1.000000000000000000e+00 0.000000000000000000e+00
5.947100000000000000e+04 1.000000000000000000e+03 1.000000000000000000e+03 0.000000000000000000e+00
5.947300000000000000e+04 1.000000000000000000e+03 1.000000000000000000e+03 0.000000000000000000e+00
5.948400000000000000e+04 1.000000000000000000e+03 1.000000000000000000e+03 0.000000000000000000e+00
5.948700000000000000e+04 1.000000000000000000e+03 1.000000000000000000e+03 0.000000000000000000e+00
5.949000000000000000e+04 1.000000000000000000e+03 1.000000000000000000e+03 0.000000000000000000e+00
5.950200000000000000e+04 1.000000000000000000e+03 1.000000000000000000e+03 0.000000000000000000e+00
5.951000000000000000e+04 1.000000000000000000e+03 1.000000000000000000e+03 0.000000000000000000e+00
5.951200000000000000e+04 1.000000000000000000e+03 1.000000000000000000e+00 0.000000000000000000e+00
5.951200000000000000e+04 1.000000000000000000e+03 1.000000000000000000e+00 0.000000000000000000e+00
5.952200000000000000e+04 1.000000000000000000e+03 1.000000000000000000e+00 0.000000000000000000e+00
5.952200000000000000e+04 1.000000000000000000e+03 1.000000000000000000e+00 0.000000000000000000e+00
5.952400000000000000e+04 1.000000000000000000e+03 1.000000000000000000e+03 0.000000000000000000e+00
5.952600000000000000e+04 1.000000000000000000e+03 1.000000000000000000e+00 0.000000000000000000e+00
5.952600000000000000e+04 1.000000000000000000e+03 1.000000000000000000e+00 0.000000000000000000e+00
5.952900000000000000e+04 1.000000000000000000e+03 1.000000000000000000e+00 0.000000000000000000e+00
5.952900000000000000e+04 1.000000000000000000e+03 1.000000000000000000e+00 0.000000000000000000e+00
5.953700000000000000e+04 1.000000000000000000e+03 1.000000000000000000e+03 0.000000000000000000e+00
5.954000000000000000e+04 1.000000000000000000e+03 1.000000000000000000e+03 0.000000000000000000e+00
5.954200000000000000e+04 1.000000000000000000e+03 1.000000000000000000e+03 0.000000000000000000e+00
5.964200000000000000e+04 1.000000000000000000e+03 0.000000000000000000e+00 0.000000000000000000e+00
5.964200000000000000e+04 1.000000000000000000e+03 0.000000000000000000e+00 0.000000000000000000e+00
5.964200000000000000e+04 1.000000000000000000e+03 0.000000000000000000e+00 0.000000000000000000e+00
5.964200000000000000e+04 1.000000000000000000e+03 0.000000000000000000e+00 0.000000000000000000e+00
5.967300000000000000e+04 1.000000000000000000e+03 1.000000000000000000e+03 0.000000000000000000e+00
5.968300000000000000e+04 1.000000000000000000e+03 1.000000000000000000e+03 0.000000000000000000e+00
5.968900000000000000e+04 1.000000000000000000e+03 1.000000000000000000e+03 0.000000000000000000e+00
5.969400000000000000e+04 1.000000000000000000e+03 1.000000000000000000e+03 0.000000000000000000e+00
5.969700000000000000e+04 1.000000000000000000e+03 1.000000000000000000e+03 0.000000000000000000e+00
5.970000000000000000e+04 1.000000000000000000e+03 1.000000000000000000e+03 0.000000000000000000e+00
5.970200000000000000e+04 1.000000000000000000e+03 1.000000000000000000e+03 0.000000000000000000e+00
5.970800000000000000e+04 1.000000000000000000e+03 1.000000000000000000e+00 0.000000000000000000e+00
5.970800000000000000e+04 1.000000000000000000e+03 1.000000000000000000e+00 0.000000000000000000e+00
5.971000000000000000e+04 1.000000000000000000e+03 1.000000000000000000e+03 0.000000000000000000e+00
5.971200000000000000e+04 1.000000000000000000e+03 1.000000000000000000e+00 0.000000000000000000e+00
5.971200000000000000e+04 1.000000000000000000e+03 1.000000000000000000e+00 0.000000000000000000e+00
5.971400000000000000e+04 1.000000000000000000e+03 1.000000000000000000e+03 0.000000000000000000e+00
5.971800000000000000e+04 1.000000000000000000e+03 1.000000000000000000e+03 0.000000000000000000e+00
5.972100000000000000e+04 1.000000000000000000e+03 1.000000000000000000e+03 0.000000000000000000e+00
5.972300000000000000e+04 1.000000000000000000e+03 1.000000000000000000e+00 0.000000000000000000e+00
5.972300000000000000e+04 1.000000000000000000e+03 1.000000000000000000e+00 0.000000000000000000e+00
5.972500000000000000e+04 1.000000000000000000e+03 1.000000000000000000e+03 0.000000000000000000e+00
5.972700000000000000e+04 1.000000000000000000e+03 1.000000000000000000e+00 0.000000000000000000e+00
5.972700000000000000e+04 1.000000000000000000e+03 1.000000000000000000e+00 0.000000000000000000e+00
5.973100000000000000e+04 1.000000000000000000e+03 1.000000000000000000e+03 0.000000000000000000e+00
5.973500000000000000e+04 1.000000000000000000e+03 1.000000000000000000e+00 0.000000000000000000e+00
5.973500000000000000e+04 1.000000000000000000e+03 1.000000000000000000e+00 0.000000000000000000e+00
5.973700000000000000e+04 1.000000000000000000e+03 1.000000000000000000e+03 0.000000000000000000e+00
5.973900000000000000e+04 1.000000000000000000e+03 1.000000000000000000e+03 0.000000000000000000e+00
5.974300000000000000e+04 1.000000000000000000e+03 1.000000000000000000e+03 0.000000000000000000e+00
5.974800000000000000e+04 1.000000000000000000e+03 1.000000000000000000e+00 0.000000000000000000e+00
5.974800000000000000e+04 1.000000000000000000e+03 1.000000000000000000e+00 0.000000000000000000e+00
5.975000000000000000e+04 1.000000000000000000e+03 1.000000000000000000e+03 0.000000000000000000e+00
5.975200000000000000e+04 1.000000000000000000e+03 1.000000000000000000e+00 0.000000000000000000e+00
5.975200000000000000e+04 1.000000000000000000e+03 1.000000000000000000e+00 0.000000000000000000e+00
5.975500000000000000e+04 1.000000000000000000e+03 1.000000000000000000e+00 0.000000000000000000e+00
5.975500000000000000e+04 1.000000000000000000e+03 1.000000000000000000e+00 0.000000000000000000e+00
5.975700000000000000e+04 1.000000000000000000e+03 1.000000000000000000e+03 0.000000000000000000e+00
5.975900000000000000e+04 1.000000000000000000e+03 1.000000000000000000e+03 0.000000000000000000e+00
5.976100000000000000e+04 1.000000000000000000e+03 1.000000000000000000e+03 0.000000000000000000e+00
5.976400000000000000e+04 1.000000000000000000e+03 1.000000000000000000e+00 0.000000000000000000e+00
5.976400000000000000e+04 1.000000000000000000e+03 1.000000000000000000e+00 0.000000000000000000e+00
5.976600000000000000e+04 1.000000000000000000e+03 1.000000000000000000e+00 0.000000000000000000e+00
5.976600000000000000e+04 1.000000000000000000e+03 1.000000000000000000e+00 0.000000000000000000e+00
5.976900000000000000e+04 1.000000000000000000e+03 1.000000000000000000e+00 0.000000000000000000e+00
5.976900000000000000e+04 1.000000000000000000e+03 1.000000000000000000e+00 0.000000000000000000e+00
5.977100000000000000e+04 1.000000000000000000e+03 1.000000000000000000e+03 0.000000000000000000e+00
5.977300000000000000e+04 1.000000000000000000e+03 1.000000000000000000e+00 0.000000000000000000e+00
5.977300000000000000e+04 1.000000000000000000e+03 1.000000000000000000e+00 0.000000000000000000e+00
5.977800000000000000e+04 1.000000000000000000e+03 1.000000000000000000e+03 0.000000000000000000e+00
5.978200000000000000e+04 1.000000000000000000e+03 1.000000000000000000e+03 0.000000000000000000e+00
5.978600000000000000e+04 1.000000000000000000e+03 1.000000000000000000e+03 0.000000000000000000e+00
5.978800000000000000e+04 1.000000000000000000e+03 1.000000000000000000e+03 0.000000000000000000e+00
5.979000000000000000e+04 1.000000000000000000e+03 1.000000000000000000e+03 0.000000000000000000e+00
5.979300000000000000e+04 1.000000000000000000e+03 1.000000000000000000e+00 0.000000000000000000e+00
5.979300000000000000e+04 1.000000000000000000e+03 1.000000000000000000e+00 0.000000000000000000e+00
5.979500000000000000e+04 1.000000000000000000e+03 1.000000000000000000e+03 0.000000000000000000e+00
5.979800000000000000e+04 1.000000000000000000e+03 1.000000000000000000e+00 0.000000000000000000e+00
5.979800000000000000e+04 1.000000000000000000e+03 1.000000000000000000e+00 0.000000000000000000e+00
5.980000000000000000e+04 1.000000000000000000e+03 1.000000000000000000e+03 0.000000000000000000e+00
5.980500000000000000e+04 1.000000000000000000e+03 1.000000000000000000e+03 0.000000000000000000e+00
5.980700000000000000e+04 1.000000000000000000e+03 1.000000000000000000e+03 0.000000000000000000e+00
5.981100000000000000e+04 1.000000000000000000e+03 1.000000000000000000e+03 0.000000000000000000e+00
5.981500000000000000e+04 1.000000000000000000e+03 1.000000000000000000e+03 0.000000000000000000e+00
5.981700000000000000e+04 1.000000000000000000e+03 1.000000000000000000e+03 0.000000000000000000e+00
5.982300000000000000e+04 1.000000000000000000e+03 1.000000000000000000e+03 0.000000000000000000e+00
5.982700000000000000e+04 1.000000000000000000e+03 1.000000000000000000e+03 0.000000000000000000e+00
5.984000000000000000e+04 1.000000000000000000e+03 1.000000000000000000e+03 0.000000000000000000e+00
5.984200000000000000e+04 1.000000000000000000e+03 1.000000000000000000e+00 0.000000000000000000e+00
5.984200000000000000e+04 1.000000000000000000e+03 1.000000000000000000e+00 0.000000000000000000e+00
5.984700000000000000e+04 1.000000000000000000e+03 1.000000000000000000e+03 0.000000000000000000e+00
5.984900000000000000e+04 1.000000000000000000e+03 1.000000000000000000e+03 0.000000000000000000e+00
5.985300000000000000e+04 1.000000000000000000e+03 1.000000000000000000e+03 0.000000000000000000e+00
5.985700000000000000e+04 1.000000000000000000e+03 1.000000000000000000e+00 0.000000000000000000e+00
5.985700000000000000e+04 1.000000000000000000e+03 1.000000000000000000e+00 0.000000000000000000e+00
5.985900000000000000e+04 1.000000000000000000e+03 1.000000000000000000e+00 0.000000000000000000e+00
5.985900000000000000e+04 1.000000000000000000e+03 1.000000000000000000e+00 0.000000000000000000e+00
5.986400000000000000e+04 1.000000000000000000e+03 1.000000000000000000e+03 0.000000000000000000e+00
5.986600000000000000e+04 1.000000000000000000e+03 1.000000000000000000e+03 0.000000000000000000e+00
5.986900000000000000e+04 1.000000000000000000e+03 1.000000000000000000e+03 0.000000000000000000e+00
5.987300000000000000e+04 1.000000000000000000e+03 1.000000000000000000e+00 0.000000000000000000e+00
5.987300000000000000e+04 1.000000000000000000e+03 1.000000000000000000e+00 0.000000000000000000e+00
5.987700000000000000e+04 1.000000000000000000e+03 1.000000000000000000e+03 0.000000000000000000e+00
5.987900000000000000e+04 1.000000000000000000e+03 1.000000000000000000e+03 0.000000000000000000e+00
5.988100000000000000e+04 1.000000000000000000e+03 1.000000000000000000e+03 0.000000000000000000e+00
5.988300000000000000e+04 1.000000000000000000e+03 1.000000000000000000e+03 0.000000000000000000e+00
5.988800000000000000e+04 1.000000000000000000e+03 1.000000000000000000e+03 0.000000000000000000e+00
5.989000000000000000e+04 1.000000000000000000e+03 1.000000000000000000e+03 0.000000000000000000e+00
5.989500000000000000e+04 1.000000000000000000e+03 1.000000000000000000e+00 0.000000000000000000e+00
5.989500000000000000e+04 1.000000000000000000e+03 1.000000000000000000e+00 0.000000000000000000e+00
5.989700000000000000e+04 1.000000000000000000e+03 1.000000000000000000e+00 0.000000000000000000e+00
5.989700000000000000e+04 1.000000000000000000e+03 1.000000000000000000e+00 0.000000000000000000e+00
5.990300000000000000e+04 1.000000000000000000e+03 1.000000000000000000e+03 0.000000000000000000e+00
5.990700000000000000e+04 1.000000000000000000e+03 1.000000000000000000e+00 0.000000000000000000e+00
5.990700000000000000e+04 1.000000000000000000e+03 1.000000000000000000e+00 0.000000000000000000e+00
5.991400000000000000e+04 1.000000000000000000e+03 1.000000000000000000e+03 0.000000000000000000e+00
5.992300000000000000e+04 1.000000000000000000e+03 1.000000000000000000e+03 0.000000000000000000e+00
5.993300000000000000e+04 1.000000000000000000e+03 1.000000000000000000e+03 0.000000000000000000e+00
5.862000000000000000e+04 1.000000000000000000e+03 0.000000000000000000e+00 0.000000000000000000e+00
5.862400000000000000e+04 1.000000000000000000e+03 0.000000000000000000e+00 0.000000000000000000e+00
5.862700000000000000e+04 1.000000000000000000e+03 0.000000000000000000e+00 0.000000000000000000e+00
5.863000000000000000e+04 1.000000000000000000e+03 0.000000000000000000e+00 0.000000000000000000e+00
5.863400000000000000e+04 1.000000000000000000e+03 0.000000000000000000e+00 0.000000000000000000e+00
5.863600000000000000e+04 1.000000000000000000e+03 0.000000000000000000e+00 0.000000000000000000e+00
5.864000000000000000e+04 1.000000000000000000e+03 0.000000000000000000e+00 0.000000000000000000e+00
5.864200000000000000e+04 1.000000000000000000e+03 0.000000000000000000e+00 0.000000000000000000e+00
5.864500000000000000e+04 1.000000000000000000e+03 0.000000000000000000e+00 0.000000000000000000e+00
5.864900000000000000e+04 1.000000000000000000e+03 0.000000000000000000e+00 0.000000000000000000e+00
5.865400000000000000e+04 1.000000000000000000e+03 0.000000000000000000e+00 0.000000000000000000e+00
5.867600000000000000e+04 1.000000000000000000e+03 0.000000000000000000e+00 0.000000000000000000e+00
5.868000000000000000e+04 1.000000000000000000e+03 0.000000000000000000e+00 0.000000000000000000e+00
5.869400000000000000e+04 1.000000000000000000e+03 0.000000000000000000e+00 0.000000000000000000e+00
5.869500000000000000e+04 1.000000000000000000e+03 0.000000000000000000e+00 0.000000000000000000e+00
5.869900000000000000e+04 1.000000000000000000e+03 0.000000000000000000e+00 0.000000000000000000e+00
5.870400000000000000e+04 1.000000000000000000e+03 0.000000000000000000e+00 0.000000000000000000e+00
5.870700000000000000e+04 1.000000000000000000e+03 0.000000000000000000e+00 0.000000000000000000e+00
5.871300000000000000e+04 1.000000000000000000e+03 0.000000000000000000e+00 0.000000000000000000e+00
5.872900000000000000e+04 0.000000000000000000e+00 1.000000000000000000e+03 0.000000000000000000e+00
5.873200000000000000e+04 1.000000000000000000e+03 0.000000000000000000e+00 0.000000000000000000e+00
5.873300000000000000e+04 1.000000000000000000e+03 0.000000000000000000e+00 0.000000000000000000e+00
5.876100000000000000e+04 1.000000000000000000e+03 0.000000000000000000e+00 0.000000000000000000e+00
5.876700000000000000e+04 1.000000000000000000e+03 0.000000000000000000e+00 0.000000000000000000e+00
5.877100000000000000e+04 1.000000000000000000e+03 0.000000000000000000e+00 0.000000000000000000e+00
5.877600000000000000e+04 1.000000000000000000e+03 0.000000000000000000e+00 0.000000000000000000e+00
5.878600000000000000e+04 1.000000000000000000e+03 0.000000000000000000e+00 0.000000000000000000e+00
5.879200000000000000e+04 1.000000000000000000e+03 0.000000000000000000e+00 0.000000000000000000e+00
5.881700000000000000e+04 1.000000000000000000e+03 0.000000000000000000e+00 0.000000000000000000e+00
5.892900000000000000e+04 1.000000000000000000e+03 0.000000000000000000e+00 0.000000000000000000e+00
5.898500000000000000e+04 1.000000000000000000e+03 1.000000000000000000e+00 0.000000000000000000e+00
5.907800000000000000e+04 1.000000000000000000e+03 0.000000000000000000e+00 0.000000000000000000e+00
5.907900000000000000e+04 1.000000000000000000e+03 0.000000000000000000e+00 0.000000000000000000e+00
5.916900000000000000e+04 1.000000000000000000e+03 0.000000000000000000e+00 0.000000000000000000e+00
5.862000000000000000e+04 1.000000000000000000e+03 0.000000000000000000e+00 0.000000000000000000e+00
5.862400000000000000e+04 1.000000000000000000e+03 0.000000000000000000e+00 0.000000000000000000e+00
5.862700000000000000e+04 1.000000000000000000e+03 0.000000000000000000e+00 0.000000000000000000e+00
5.863000000000000000e+04 1.000000000000000000e+03 0.000000000000000000e+00 0.000000000000000000e+00
5.863400000000000000e+04 1.000000000000000000e+03 0.000000000000000000e+00 0.000000000000000000e+00
5.863600000000000000e+04 1.000000000000000000e+03 0.000000000000000000e+00 0.000000000000000000e+00
5.864000000000000000e+04 1.000000000000000000e+03 0.000000000000000000e+00 0.000000000000000000e+00
5.864200000000000000e+04 1.000000000000000000e+03 0.000000000000000000e+00 0.000000000000000000e+00
5.864500000000000000e+04 1.000000000000000000e+03 0.000000000000000000e+00 0.000000000000000000e+00
5.864900000000000000e+04 1.000000000000000000e+03 0.000000000000000000e+00 0.000000000000000000e+00
5.865400000000000000e+04 1.000000000000000000e+03 0.000000000000000000e+00 0.000000000000000000e+00
5.867600000000000000e+04 1.000000000000000000e+03 0.000000000000000000e+00 0.000000000000000000e+00
5.868000000000000000e+04 1.000000000000000000e+03 0.000000000000000000e+00 0.000000000000000000e+00
5.869400000000000000e+04 1.000000000000000000e+03 0.000000000000000000e+00 0.000000000000000000e+00
5.869500000000000000e+04 1.000000000000000000e+03 0.000000000000000000e+00 0.000000000000000000e+00
5.869900000000000000e+04 1.000000000000000000e+03 0.000000000000000000e+00 0.000000000000000000e+00
5.870400000000000000e+04 1.000000000000000000e+03 0.000000000000000000e+00 0.000000000000000000e+00
5.870700000000000000e+04 1.000000000000000000e+03 0.000000000000000000e+00 0.000000000000000000e+00
5.871300000000000000e+04 1.000000000000000000e+03 0.000000000000000000e+00 0.000000000000000000e+00
5.873200000000000000e+04 1.000000000000000000e+03 0.000000000000000000e+00 0.000000000000000000e+00
5.873300000000000000e+04 1.000000000000000000e+03 0.000000000000000000e+00 0.000000000000000000e+00
5.876100000000000000e+04 1.000000000000000000e+03 0.000000000000000000e+00 0.000000000000000000e+00
5.876700000000000000e+04 1.000000000000000000e+03 0.000000000000000000e+00 0.000000000000000000e+00
5.877100000000000000e+04 1.000000000000000000e+03 0.000000000000000000e+00 0.000000000000000000e+00
5.877600000000000000e+04 1.000000000000000000e+03 0.000000000000000000e+00 0.000000000000000000e+00
5.878600000000000000e+04 1.000000000000000000e+03 0.000000000000000000e+00 0.000000000000000000e+00
5.879200000000000000e+04 1.000000000000000000e+03 0.000000000000000000e+00 0.000000000000000000e+00
5.881700000000000000e+04 1.000000000000000000e+03 0.000000000000000000e+00 0.000000000000000000e+00
5.892900000000000000e+04 1.000000000000000000e+03 0.000000000000000000e+00 0.000000000000000000e+00
5.898500000000000000e+04 1.000000000000000000e+03 1.000000000000000000e+00 0.000000000000000000e+00
5.907800000000000000e+04 1.000000000000000000e+03 0.000000000000000000e+00 0.000000000000000000e+00
5.907900000000000000e+04 1.000000000000000000e+03 0.000000000000000000e+00 0.000000000000000000e+00
5.916900000000000000e+04 1.000000000000000000e+03 0.000000000000000000e+00 0.000000000000000000e+00
5.862000000000000000e+04 1.000000000000000000e+03 0.000000000000000000e+00 0.000000000000000000e+00
5.862400000000000000e+04 1.000000000000000000e+03 0.000000000000000000e+00 0.000000000000000000e+00
5.862700000000000000e+04 1.000000000000000000e+03 0.000000000000000000e+00 0.000000000000000000e+00
5.863000000000000000e+04 1.000000000000000000e+03 0.000000000000000000e+00 0.000000000000000000e+00
5.863400000000000000e+04 1.000000000000000000e+03 0.000000000000000000e+00 0.000000000000000000e+00
5.863600000000000000e+04 1.000000000000000000e+03 0.000000000000000000e+00 0.000000000000000000e+00
5.864000000000000000e+04 1.000000000000000000e+03 0.000000000000000000e+00 0.000000000000000000e+00
5.864200000000000000e+04 1.000000000000000000e+03 0.000000000000000000e+00 0.000000000000000000e+00
5.864500000000000000e+04 1.000000000000000000e+03 0.000000000000000000e+00 0.000000000000000000e+00
5.864900000000000000e+04 1.000000000000000000e+03 0.000000000000000000e+00 0.000000000000000000e+00
5.865400000000000000e+04 1.000000000000000000e+03 0.000000000000000000e+00 0.000000000000000000e+00
5.867600000000000000e+04 1.000000000000000000e+03 0.000000000000000000e+00 0.000000000000000000e+00
5.868000000000000000e+04 1.000000000000000000e+03 0.000000000000000000e+00 0.000000000000000000e+00
5.869400000000000000e+04 1.000000000000000000e+03 0.000000000000000000e+00 0.000000000000000000e+00
5.869500000000000000e+04 1.000000000000000000e+03 0.000000000000000000e+00 0.000000000000000000e+00
5.869900000000000000e+04 1.000000000000000000e+03 0.000000000000000000e+00 0.000000000000000000e+00
5.870400000000000000e+04 1.000000000000000000e+03 0.000000000000000000e+00 0.000000000000000000e+00
5.870700000000000000e+04 1.000000000000000000e+03 0.000000000000000000e+00 0.000000000000000000e+00
5.871300000000000000e+04 1.000000000000000000e+03 0.000000000000000000e+00 0.000000000000000000e+00
5.873200000000000000e+04 1.000000000000000000e+03 0.000000000000000000e+00 0.000000000000000000e+00
5.873300000000000000e+04 1.000000000000000000e+03 0.000000000000000000e+00 0.000000000000000000e+00
5.876100000000000000e+04 1.000000000000000000e+03 0.000000000000000000e+00 0.000000000000000000e+00
5.876700000000000000e+04 1.000000000000000000e+03 0.000000000000000000e+00 0.000000000000000000e+00
5.877100000000000000e+04 1.000000000000000000e+03 0.000000000000000000e+00 0.000000000000000000e+00
5.877600000000000000e+04 1.000000000000000000e+03 0.000000000000000000e+00 0.000000000000000000e+00
5.878600000000000000e+04 1.000000000000000000e+03 0.000000000000000000e+00 0.000000000000000000e+00
5.879200000000000000e+04 1.000000000000000000e+03 0.000000000000000000e+00 0.000000000000000000e+00
5.881700000000000000e+04 1.000000000000000000e+03 0.000000000000000000e+00 0.000000000000000000e+00
5.892900000000000000e+04 1.000000000000000000e+03 0.000000000000000000e+00 0.000000000000000000e+00
5.898600000000000000e+04 1.000000000000000000e+03 0.000000000000000000e+00 0.000000000000000000e+00
5.907800000000000000e+04 1.000000000000000000e+03 0.000000000000000000e+00 0.000000000000000000e+00
5.907900000000000000e+04 1.000000000000000000e+03 0.000000000000000000e+00 0.000000000000000000e+00
5.917000000000000000e+04 1.000000000000000000e+03 0.000000000000000000e+00 0.000000000000000000e+00
5.862000000000000000e+04 1.000000000000000000e+03 0.000000000000000000e+00 0.000000000000000000e+00
5.862400000000000000e+04 1.000000000000000000e+03 0.000000000000000000e+00 0.000000000000000000e+00
5.862700000000000000e+04 1.000000000000000000e+03 0.000000000000000000e+00 0.000000000000000000e+00
5.863000000000000000e+04 1.000000000000000000e+03 0.000000000000000000e+00 0.000000000000000000e+00
5.863400000000000000e+04 1.000000000000000000e+03 0.000000000000000000e+00 0.000000000000000000e+00
5.863600000000000000e+04 1.000000000000000000e+03 0.000000000000000000e+00 0.000000000000000000e+00
5.864000000000000000e+04 1.000000000000000000e+03 0.000000000000000000e+00 0.000000000000000000e+00
5.864200000000000000e+04 1.000000000000000000e+03 0.000000000000000000e+00 0.000000000000000000e+00
5.864500000000000000e+04 1.000000000000000000e+03 0.000000000000000000e+00 0.000000000000000000e+00
5.864900000000000000e+04 1.000000000000000000e+03 0.000000000000000000e+00 0.000000000000000000e+00
5.865400000000000000e+04 1.000000000000000000e+03 0.000000000000000000e+00 0.000000000000000000e+00
5.867600000000000000e+04 1.000000000000000000e+03 0.000000000000000000e+00 0.000000000000000000e+00
5.868000000000000000e+04 1.000000000000000000e+03 0.000000000000000000e+00 0.000000000000000000e+00
5.873200000000000000e+04 1.000000000000000000e+03 0.000000000000000000e+00 0.000000000000000000e+00
5.873300000000000000e+04 1.000000000000000000e+03 0.000000000000000000e+00 0.000000000000000000e+00
5.876100000000000000e+04 1.000000000000000000e+03 0.000000000000000000e+00 0.000000000000000000e+00
5.876700000000000000e+04 1.000000000000000000e+03 0.000000000000000000e+00 0.000000000000000000e+00
5.877100000000000000e+04 1.000000000000000000e+03 0.000000000000000000e+00 0.000000000000000000e+00
5.877600000000000000e+04 1.000000000000000000e+03 0.000000000000000000e+00 0.000000000000000000e+00
5.879200000000000000e+04 1.000000000000000000e+03 0.000000000000000000e+00 0.000000000000000000e+00
5.881700000000000000e+04 1.000000000000000000e+03 0.000000000000000000e+00 0.000000000000000000e+00
5.862000000000000000e+04 1.000000000000000000e+03 0.000000000000000000e+00 0.000000000000000000e+00
5.862400000000000000e+04 1.000000000000000000e+03 0.000000000000000000e+00 0.000000000000000000e+00
5.862700000000000000e+04 1.000000000000000000e+03 0.000000000000000000e+00 0.000000000000000000e+00
5.863000000000000000e+04 1.000000000000000000e+03 0.000000000000000000e+00 0.000000000000000000e+00
5.863400000000000000e+04 1.000000000000000000e+03 0.000000000000000000e+00 0.000000000000000000e+00
5.863600000000000000e+04 1.000000000000000000e+03 0.000000000000000000e+00 0.000000000000000000e+00
5.864000000000000000e+04 1.000000000000000000e+03 0.000000000000000000e+00 0.000000000000000000e+00
5.864200000000000000e+04 1.000000000000000000e+03 0.000000000000000000e+00 0.000000000000000000e+00
5.864500000000000000e+04 1.000000000000000000e+03 0.000000000000000000e+00 0.000000000000000000e+00
5.864900000000000000e+04 1.000000000000000000e+03 0.000000000000000000e+00 0.000000000000000000e+00
5.865400000000000000e+04 1.000000000000000000e+03 0.000000000000000000e+00 0.000000000000000000e+00
5.867600000000000000e+04 1.000000000000000000e+03 0.000000000000000000e+00 0.000000000000000000e+00
5.868000000000000000e+04 1.000000000000000000e+03 0.000000000000000000e+00 0.000000000000000000e+00
5.873200000000000000e+04 1.000000000000000000e+03 0.000000000000000000e+00 0.000000000000000000e+00
5.873300000000000000e+04 1.000000000000000000e+03 0.000000000000000000e+00 0.000000000000000000e+00
5.876700000000000000e+04 1.000000000000000000e+03 0.000000000000000000e+00 0.000000000000000000e+00
5.877100000000000000e+04 1.000000000000000000e+03 0.000000000000000000e+00 0.000000000000000000e+00
5.877600000000000000e+04 1.000000000000000000e+03 0.000000000000000000e+00 0.000000000000000000e+00
5.878600000000000000e+04 1.000000000000000000e+03 0.000000000000000000e+00 0.000000000000000000e+00
5.879200000000000000e+04 1.000000000000000000e+03 0.000000000000000000e+00 0.000000000000000000e+00
