mjd filter flux_Jy e_flux_Jy
58228.45743060019 r.ztf 1.5456815903660314e-05 1.1887205945695727e-05
58228.48324069986 g.ztf 4.221880112608646e-06 5.201789898896634e-06
58231.48298610002 g.ztf -2.38239453285062e-06 4.0173562149454315e-06
58234.501307900064 g.ztf 4.98395025156805e-06 6.0774843504394975e-06
58237.40170140006 g.ztf -1.2809306530787402e-05 2.402593405311138e-05
58252.45989579987 g.ztf 5.3471641650582045e-06 3.1829041822662485e-06
58252.48498839978 r.ztf 2.7165451075476174e-06 7.678185375748363e-06
58255.4222569 g.ztf 2.40727682458397e-09 4.607527448438868e-06
58255.4620254999 r.ztf -2.4455882847078847e-06 6.430818474721406e-06
58261.46222219989 g.ztf -2.7241288118185957e-07 3.4668969614963555e-06
58261.46312499978 g.ztf -2.6282237850038844e-06 3.474988414628987e-06
58261.48598380014 r.ztf -2.79736261928983e-06 7.027129973467002e-06
58262.48400459997 r.ztf -1.7226414647408017e-07 1.184023086436767e-05
58266.3776273001 r.ztf -1.3577645075428205e-06 1.6050127614705757e-05
58266.46087960014 g.ztf 1.5040132182565635e-06 1.0237930910503058e-05
58266.46179400012 g.ztf -4.361569223068429e-06 1.076265028663588e-05
58267.46186339995 g.ztf 8.243547230339089e-06 1.3513463424143108e-05
58268.43943289993 r.ztf -5.363691583944849e-06 1.2817292644463397e-05
58269.420497700106 r.ztf -5.947945749165679e-07 1.1554822145692252e-05
58271.45667820005 r.ztf 1.2780597542021595e-05 1.3404732057276439e-05
58271.47915509995 g.ztf 6.063825517442966e-06 1.0076916419834285e-05
58272.398587999865 g.ztf -4.576898267717833e-06 8.375893357772109e-06
58273.40040510008 r.ztf -5.227261121668626e-06 9.886923680881575e-06
58273.45446760021 g.ztf 7.306337193464002e-06 6.199717327511872e-06
58274.44030090002 g.ztf 9.048754130419062e-06 6.18687903050915e-06
58275.40199070005 r.ztf -2.6810297866833143e-06 7.631087977539948e-06
58275.45692129992 g.ztf 2.9048263718285395e-07 4.396934220011278e-06
58276.41468749987 g.ztf -5.1694415680825e-07 4.567883085490627e-06
58276.44439810002 r.ztf 3.5714707743935553e-06 7.1154469068951395e-06
58277.397916700225 r.ztf -2.0783794617596223e-06 6.388291099544928e-06
58278.42189810006 g.ztf 4.679199974112942e-06 2.961916463876678e-06
58278.46063659992 r.ztf 1.1109060254566447e-05 6.159126184861255e-06
58279.41956020007 r.ztf 9.221120492383932e-06 7.406715956625115e-06
58279.44563659979 g.ztf -1.815186263692153e-06 3.7929025145208687e-06
58280.42031250009 g.ztf 9.176979978417334e-07 3.074574211958793e-06
58281.418182900175 g.ztf 0.0 3.67109831625154e-06
58281.440196800046 r.ztf -4.042861383090684e-06 5.8518207872924175e-06
58283.38312500017 r.ztf 1.7226414647408017e-07 6.0072708168876745e-06
58283.42106480012 g.ztf 8.216097599449438e-06 3.058076605150248e-06
58287.4193171002 g.ztf -8.672335562172013e-07 3.938676487582179e-06
58287.441076400224 r.ztf -4.952301663470075e-06 5.842788635934044e-06
58290.463356500026 r.ztf 1.3430369842131152e-05 5.719111658401214e-06
58293.46156249987 r.ztf -1.1979858129412637e-06 5.762720256101837e-06
58296.346238399856 r.ztf 1.2977123700260438e-05 1.3392511270767174e-05
58296.4440394002 g.ztf 8.768469215238154e-06 9.201057117822108e-06
58300.443368100096 g.ztf -4.0759956805466895e-06 1.1553882982702398e-05
58313.37271990022 g.ztf 3.0168571662834865e-07 3.490318279508918e-06
58316.35446760012 r.ztf -6.60574352853667e-06 5.5845928316766e-06
58316.37643520022 g.ztf -2.5354968733660606e-06 3.3749509762006218e-06
58319.378842600156 g.ztf -3.5509676090363768e-06 4.31272642901976e-06
58326.3343055998 r.ztf -1.0476649735566537e-05 2.066690223544374e-05
58326.44334489992 g.ztf -4.8414992005736e-06 1.4554078376694649e-05
58329.35656249989 r.ztf -4.711418109957417e-06 1.701479030207864e-05
58329.41846060008 g.ztf 1.303778398610956e-05 1.1770228076406305e-05
58338.32442130009 r.ztf 1.1269427658896269e-05 6.1039136775500645e-06
58341.31135419989 g.ztf -1.5594523162504235e-06 6.450021714285951e-06
58347.415428199805 r.ztf -1.0560566499648497e-05 7.470881849540674e-06
58350.33739579981 g.ztf 1.0310602574138074e-05 4.017806906782887e-06
58350.36425929982 r.ztf -8.950784136867687e-06 5.361375684756019e-06
58353.292685199995 r.ztf 8.013699019043875e-06 9.429357780470942e-06
58356.291284699924 r.ztf -5.433340261625323e-07 1.2935266345194098e-05
58359.33976850007 r.ztf -1.2189441799970788e-05 1.1817006487950682e-05
58362.24975690013 g.ztf 4.198809786432447e-06 5.518889174649258e-06
58362.32936340012 r.ztf 2.0945154520443826e-06 7.1841007748191495e-06
58365.2060647998 r.ztf 2.0063034821854603e-06 5.054760412035838e-06
58365.276979200076 g.ztf 1.0466787400998417e-06 3.2895602726852493e-06
58368.25206020009 g.ztf -5.4356331215242485e-06 3.5616677574758313e-06
58368.27636570018 r.ztf 1.3161366063123998e-05 6.223946383185418e-06
58371.25258099986 g.ztf 6.637189426498062e-06 2.8306210380349845e-06
58371.29581019981 r.ztf 8.995359078077035e-06 5.599201672993552e-06
58374.168263900094 r.ztf 1.0432731991400368e-05 6.565315737686946e-06
58374.26850689994 g.ztf -4.2393366661710185e-07 3.7979508412052964e-06
58380.16886569979 g.ztf -5.348405589760403e-06 6.196179727888776e-06
58380.24653939996 r.ztf -1.2414928524861535e-05 1.0513772869652421e-05
58386.22943289997 r.ztf -8.505164769909286e-06 1.2532259045858818e-05
58389.14693289995 g.ztf -5.827567260547147e-06 4.25978977653276e-06
58400.14505789988 g.ztf -1.1537133357231663e-06 3.029623632773272e-06
58400.14844910009 r.ztf 1.6576177850447367e-05 6.278272302521091e-06
58423.123182899784 r.ztf -8.451425867370794e-07 1.0071471356598024e-05
58430.08584489999 r.ztf -4.45351015640365e-06 6.311270485595031e-06
58433.088784699794 r.ztf 2.1051807972982952e-06 8.64550461888608e-06
58436.14751160005 g.ztf -4.867029866889665e-06 1.0936480117181899e-05
58456.14517359994 r.ztf -2.369035089325738e-06 1.2251548135276277e-05
58469.122233800124 g.ztf -7.797283777243352e-06 8.775999466651807e-06
58472.14410880022 g.ztf 8.908395569937583e-06 1.7635860135667616e-05
58482.08353010006 r.ztf 2.703067219864635e-05 2.2669304627424305e-05
58482.08844910003 r.ztf 1.2752379663638369e-05 2.1685311884777664e-05
58482.0933681 r.ztf 1.716375532358592e-05 2.0932044326975727e-05
58483.07811339991 r.ztf -7.91466602493643e-06 1.627175216710727e-05
58483.08310189983 r.ztf -7.487009882459103e-07 1.0927512750214367e-05
58486.08564809989 r.ztf 1.643915682285897e-05 1.559946509536069e-05
58486.09546299977 r.ztf 2.3224448294370214e-06 1.3063127337356878e-05
58487.08306710003 r.ztf 1.6233522418820733e-05 1.5401150363714603e-05
58487.08791670017 r.ztf 1.7710669031982834e-05 1.3131426528951917e-05
58487.092777799815 r.ztf -5.023242674696897e-06 1.2689944752774088e-05
58490.08318290021 r.ztf -2.087149261711263e-05 2.3640486578065024e-05
58490.0927893999 r.ztf 1.1691049980690074e-05 2.0794493024031026e-05
58491.085416700225 r.ztf 1.0470388206670597e-05 1.8095630477551882e-05
58491.10004629986 r.ztf 8.026011088005675e-06 1.687299111382761e-05
58582.464907399844 r.ztf 0.00010652816514885964 1.1422591782471745e-05
58593.44596059993 r.ztf 0.00017946669392654384 2.0531645897132576e-05
58601.48978010006 r.ztf 0.00023661130107292081 1.2901527827351604e-05
58607.46966439998 g.ztf 0.00027682816560401885 1.0313017098056826e-05
58607.485347200185 r.ztf 0.0002627157158868329 1.4672896994400363e-05
58617.462800899986 g.ztf 0.0002703805906845015 9.627977902826237e-06
58628.403229199816 r.ztf 0.0002448151505406742 1.6547034390403563e-05
58628.46062499983 g.ztf 0.0002399767590887432 1.0380763428723784e-05
58634.42278939998 r.ztf 0.00021592000854392238 1.3502039716716681e-05
58634.46128469985 g.ztf 0.00022570903708882896 8.082434171222281e-06
58634.47854170017 g.ztf 0.0002289643712705138 9.187534577146513e-06
58637.42271990003 r.ztf 0.00022358263104055225 1.2740173774919369e-05
58637.46174769988 g.ztf 0.0002120947300688285 7.965792571729324e-06
58640.445833299775 g.ztf 0.0001956382637976713 6.862895459674592e-06
58640.46326390002 r.ztf 0.00019366737812585494 1.169525834875003e-05
58644.46143520018 r.ztf 0.00018810227825809424 1.1197907461436852e-05
58650.42219909979 r.ztf 0.00019230403978871463 1.470029619926562e-05
58650.45974540012 g.ztf 0.0001698693363460575 1.0609868659570858e-05
58653.39575230004 g.ztf 0.00015789497539516134 1.2105458953919897e-05
58653.41908559995 r.ztf 0.00017014985035686825 1.5500847042814772e-05
58657.41981479991 r.ztf 0.00014385519910845832 1.2684428014858342e-05
58658.39829860022 r.ztf 0.00015312522018066935 1.0052964088786842e-05
58661.337534700055 r.ztf 0.00014399429907045519 9.477358886366616e-06
58662.4243981 g.ztf 0.00014273569969875554 5.82446078374824e-06
58662.46924770018 r.ztf 0.0001412540268378954 9.807233876035557e-06
58663.42383099999 r.ztf 0.00015533369119222716 1.2418038592839628e-05
58665.420925899874 r.ztf 0.00013904230317659651 8.491469544223338e-06
58665.460763900075 g.ztf 0.0001330682052563277 5.500018779652119e-06
58668.356250000186 r.ztf 0.00013600123655231605 9.18016236557894e-06
58668.443240699824 g.ztf 0.00012534136507160327 4.9577576945773125e-06
58672.35599539988 r.ztf 0.0001253196767039888 8.719649250727036e-06
58672.35644679982 r.ztf 0.0001298762861168385 8.874648693608083e-06
58672.356898100115 r.ztf 0.00012641489890104912 8.405473506901813e-06
58672.35734950006 r.ztf 0.00012578040679926775 7.666086828248316e-06
58672.357800900005 r.ztf 0.0001144968682211408 7.632784269077855e-06
58672.35825229995 r.ztf 0.00012596876508636127 8.035207035823447e-06
58672.358703699894 r.ztf 0.00012422642255264816 7.912203380305911e-06
58672.35915509984 r.ztf 0.0001296418690304953 7.950504658780175e-06
58672.359606499784 r.ztf 0.00012162945519059894 7.424769319129331e-06
58672.360057900194 r.ztf 0.00011978146318003588 8.210941516670032e-06
58672.36050930014 r.ztf 0.00012395761090088005 8.161648992131375e-06
58672.360960599966 r.ztf 0.00012376491788443432 8.173618448490195e-06
58672.36141199991 r.ztf 0.00011720977741543304 7.872803721841036e-06
58672.361863399856 r.ztf 0.00010951278015381539 8.186453730892323e-06
58672.3623147998 r.ztf 0.00013082700509113688 9.937164113158445e-06
58672.36276620021 r.ztf 0.00012372130020954175 8.559844074106607e-06
58672.363217600156 r.ztf 0.00012622774398105582 8.56583081595398e-06
58672.3636690001 r.ztf 0.0001244577977178197 8.494266412802911e-06
58672.364120400045 r.ztf 0.00012432679339562414 8.749901367636368e-06
58672.36457179999 r.ztf 0.00012277512378493154 8.638062622420246e-06
58672.365034699906 r.ztf 0.00013327569720438757 8.427895080711571e-06
58672.36548609985 r.ztf 0.00013146877116328209 8.784438912727646e-06
58672.365937499795 r.ztf 0.00012075917328929383 8.474560902915716e-06
58672.366388900205 r.ztf 0.0001279133033074697 8.15150231567369e-06
58672.36684030015 r.ztf 0.00012986335838495154 8.948287222392945e-06
58672.367291700095 r.ztf 0.00011974747352036845 8.178953073177193e-06
58672.36774310004 r.ztf 0.00012349651627702483 8.510309399371207e-06
58672.36819439987 r.ztf 0.00012478907366043372 8.430807974697724e-06
58672.36864579981 r.ztf 0.0001272491798242588 8.61865603335366e-06
58672.36909720022 r.ztf 0.00011711537723941238 7.890300755954803e-06
58672.36954860017 r.ztf 0.00012285413287519266 7.912432484818081e-06
58672.37000000011 r.ztf 0.00012594768459698482 8.424255917797173e-06
58672.37045140006 r.ztf 0.00012976181301078475 8.262023650482522e-06
58672.3709028 r.ztf 0.00012345202807747928 7.445732919511593e-06
58672.371354199946 r.ztf 0.00012736676561953016 8.401091784352215e-06
58672.37181709986 r.ztf 0.0001346894737171534 8.69369080404474e-06
58672.37226849981 r.ztf 0.00014070417292686712 9.365981024309276e-06
58672.37271990022 r.ztf 0.00012049511442893114 8.057855224192218e-06
58672.37317130016 r.ztf 0.00012999714051029076 8.68050645122015e-06
58672.373622700106 r.ztf 0.00011619424986116783 7.81198332953508e-06
58672.37407410005 r.ztf 0.00012712762126883614 8.039053740563828e-06
58672.374525499996 r.ztf 0.00012673216757162496 8.554105801116925e-06
58672.37497689994 r.ztf 0.00012537905313210408 8.558359128092812e-06
58672.37542819977 r.ztf 0.00013715353981923333 9.397995701565335e-06
58672.37587960018 r.ztf 0.00013991715767482752 9.116780172113943e-06
58672.37633100012 r.ztf 0.00012590787362096395 8.627944877698079e-06
58672.37678240007 r.ztf 0.00013520199615823982 8.586091170227477e-06
58672.37723380001 r.ztf 0.0001281688544784403 8.244637882729906e-06
58672.37768519996 r.ztf 0.00011352572476484453 7.904647604035013e-06
58672.3781365999 r.ztf 0.00012557039485587164 9.008622702985232e-06
58672.37858799985 r.ztf 0.0001249766907560245 7.777520184009745e-06
58672.37903939979 r.ztf 0.00012114723643629854 8.174061016081578e-06
58672.379490700085 r.ztf 0.00013011951449279523 8.092454690431383e-06
58672.37994210003 r.ztf 0.00012848312469361764 8.113879551054377e-06
58672.38040510006 r.ztf 0.00011929043424008483 7.855577514200082e-06
58672.38085650001 r.ztf 0.00012191737368754422 8.799423717495155e-06
58672.38130789995 r.ztf 0.00012196244701778453 8.377972506067905e-06
58672.3817592999 r.ztf 0.00011904569991741482 8.757695127532357e-06
58672.38221060019 r.ztf 0.00012456453309768077 8.518381328752021e-06
58672.382662000135 r.ztf 0.0001273300518184486 8.248836818961443e-06
58672.38311340008 r.ztf 0.00011815168964380783 8.177409988853808e-06
58672.383564800024 r.ztf 0.0001301474636104649 8.74048765757203e-06
58672.38401619997 r.ztf 0.00013112207704427987 8.519205361138398e-06
58672.38446759991 r.ztf 0.00013448973443828718 8.984076046679039e-06
58672.38491899986 r.ztf 0.0001227929275219651 8.720833083704512e-06
58672.3853703998 r.ztf 0.00013166709092696395 8.841775180988854e-06
58672.38582180021 r.ztf 0.0001285424048801598 8.975314865567545e-06
58672.38627310004 r.ztf 0.0001219189999989439 7.991063163313339e-06
58672.386724499986 r.ztf 0.0001307325267938253 8.874824446871294e-06
58672.38717589993 r.ztf 0.00012414342634272245 8.129812186367055e-06
58672.387627299875 r.ztf 0.00012879829700654353 8.643416797604399e-06
58672.38807869982 r.ztf 0.00012066520180604153 8.599171112343694e-06
58672.38853010023 r.ztf 0.00011929792279443663 7.983287971131161e-06
58672.388981500175 r.ztf 0.00012594176357028875 8.540463468475398e-06
58672.38943290012 r.ztf 0.00011856123154393422 7.759574181999086e-06
58672.389884300064 r.ztf 0.00012235322238173977 8.218173612386706e-06
58672.39032409992 r.ztf 0.00013031649237020906 8.404073271039705e-06
58672.39078699984 r.ztf 0.00011652082708258505 8.61037607207413e-06
58672.39122689981 r.ztf 0.00013040162810739779 8.451780026685976e-06
58672.3916782001 r.ztf 0.00011937106470493089 8.484718435553238e-06
58672.39214120014 r.ztf 0.00012078120747280735 8.022183109246123e-06
58672.39259260008 r.ztf 0.00012125504205145428 8.187950490417558e-06
58672.393044000026 r.ztf 0.0001260033716280071 8.215952258217578e-06
58672.39349539997 r.ztf 0.00011292209281608187 8.287467219353816e-06
58672.393946799915 r.ztf 0.00011959112281179096 8.020402519623687e-06
58672.39439810021 r.ztf 0.0001197727257754527 8.561474276039387e-06
58672.39484950015 r.ztf 0.00011789010850976804 8.360836914009545e-06
58672.3953009001 r.ztf 0.00013313890078547097 9.050271752656912e-06
58672.39575230004 r.ztf 0.0001269577783352122 8.656404907355464e-06
58672.39620369999 r.ztf 0.0001393610815666934 8.824729189460668e-06
58672.39665509993 r.ztf 0.00012339365475361208 8.311079950143823e-06
58672.39710649988 r.ztf 0.00013030351223545817 8.12833799016145e-06
58672.39755789982 r.ztf 0.0001307843369823644 9.05572726436477e-06
58672.39800930023 r.ztf 0.0001199833402554585 8.504134204332628e-06
58672.39846060006 r.ztf 0.0001297278081568809 9.166496378006249e-06
58672.398912000004 r.ztf 0.0001201082579048895 8.362692137408622e-06
58672.39936339995 r.ztf 0.00012520526085818605 8.667351908087968e-06
58672.399814799894 r.ztf 0.00011677028458707563 8.062479055556546e-06
58672.40026619984 r.ztf 0.00013071714785113653 8.557319250596424e-06
58672.40071759978 r.ztf 0.00012594829024028913 7.920488600377152e-06
58672.401157400105 r.ztf 0.00013435805451846792 8.266435007329413e-06
58672.40160880005 r.ztf 0.0001301468546100197 8.119437251562189e-06
58672.402060199995 r.ztf 0.00011741241660483629 7.841122161220557e-06
58672.40251159994 r.ztf 0.00011919947878171667 7.918315193928364e-06
58672.402962999884 r.ztf 0.00011470246718764485 7.878968477090248e-06
58672.40341439983 r.ztf 0.0001248991044184204 8.217454775585721e-06
58672.40386570012 r.ztf 0.00012935129253030796 8.440657596928558e-06
58672.40431710007 r.ztf 0.00012986523642235744 9.025887018284725e-06
58672.40476850001 r.ztf 0.0001190376716010409 7.874335187656278e-06
58672.405231500044 r.ztf 0.00013548915250791762 8.665109718431578e-06
58672.4056712999 r.ztf 0.00012077768813877368 7.700103067986392e-06
58672.406122699846 r.ztf 0.00012602915596496864 8.631797621891115e-06
58672.40657409979 r.ztf 0.00011265940271454233 7.806008301848198e-06
58672.4070255002 r.ztf 0.00011141983728784532 8.123876292868448e-06
58672.407476900145 r.ztf 0.00012709845474251423 8.63253165566208e-06
58672.40792819997 r.ztf 0.0001246604591049483 8.64354008806753e-06
58672.40837959992 r.ztf 0.0001292826399544033 8.20257667290735e-06
58672.40883099986 r.ztf 0.00011456024849035125 7.667411166904838e-06
58672.40928239981 r.ztf 0.0001257729679333766 7.975329480939113e-06
58672.40973380022 r.ztf 0.00012159145083006036 8.452680446657278e-06
58672.41018520016 r.ztf 0.00012936421306045275 8.49329169629769e-06
58672.41063660011 r.ztf 0.00012652682761545868 8.531071860171275e-06
58672.41108800005 r.ztf 0.00012588098033066282 8.504307168111125e-06
58672.4115394 r.ztf 0.00012739121243287633 8.138927770265797e-06
58672.411990699824 r.ztf 0.00011933902976097456 8.339288214873828e-06
58672.41244209977 r.ztf 0.00012409901925449464 8.197378945416687e-06
58672.41289350018 r.ztf 0.00012697191814153624 8.681287875245259e-06
58672.413344900124 r.ztf 0.00012535042935306456 7.94067063561653e-06
58672.41379630007 r.ztf 0.00012910354640345274 8.43089360626173e-06
58672.41424770001 r.ztf 0.00011410388757543599 8.407619151460901e-06
58672.41469909996 r.ztf 0.00011742082384975736 7.774550746287536e-06
58672.4151504999 r.ztf 0.00013006322884061996 8.497156127384386e-06
58672.41560189985 r.ztf 0.00012213221574573863 7.773608012933996e-06
58672.41605320014 r.ztf 0.00012295842834933557 8.431405476867668e-06
58672.416504600085 r.ztf 0.00012260607250593128 8.83154373474258e-06
58672.41695600003 r.ztf 0.0001337720575123705 8.791803301470387e-06
58672.417407399975 r.ztf 0.00011027010633452358 7.904067681717562e-06
58672.41785879992 r.ztf 0.00013074264406555118 8.251055293435005e-06
58672.418310199864 r.ztf 0.00012752163179261786 8.70232595753917e-06
58672.41876159981 r.ztf 0.00011730698687555647 8.17805742500998e-06
58672.41921300022 r.ztf 0.00012350286074813764 7.946116603350205e-06
58672.419664400164 r.ztf 0.00012492443646408333 8.02560001653262e-06
58672.42011569999 r.ztf 0.0001330081203872873 8.86021814089238e-06
58674.42800930003 g.ztf 0.00011811476399447745 5.093931369541159e-06
58677.31041669985 r.ztf 0.00012584951835461344 1.0725893490531241e-05
58680.32628470007 r.ztf 0.00012665774034764245 1.4999474458787166e-05
58680.445428200066 g.ztf 0.0001085421810799486 1.3985782365472314e-05
58684.4442245001 r.ztf 0.00012396376761674073 1.3674637396954483e-05
58688.321006900165 g.ztf 0.00010840549903013982 5.875660032008893e-06
58691.33015049994 g.ztf 0.00010652524940105428 4.677245867235231e-06
58691.37439810019 r.ztf 0.00012109541940077178 8.826669123438238e-06
58694.33018520009 g.ztf 9.510473691040388e-05 4.830465778848523e-06
58694.3532292 r.ztf 0.00010283025748197966 7.739847898578185e-06
58697.394791699946 r.ztf 9.996889658533225e-05 7.2242169367606515e-06
58700.41599539993 r.ztf 9.88296178164262e-05 7.537891931176809e-06
58703.40471060015 r.ztf 8.512551816974201e-05 7.048618490496589e-06
58706.392476900015 r.ztf 7.46242330320912e-05 9.185518781620558e-06
58709.44190970017 g.ztf 7.83006723647341e-05 1.2921928998320163e-05
58712.20445600012 g.ztf 7.915129322009549e-05 9.160732811130637e-06
58715.31767359981 r.ztf 7.80897375901608e-05 9.853886101689477e-06
58718.329444400035 r.ztf 7.486483665753616e-05 7.838765049424779e-06
58725.317847200204 g.ztf 5.85282801111176e-05 4.080488058786314e-06
58732.23351849988 r.ztf 7.848951056536469e-05 8.716812286165445e-06
58732.303738399874 g.ztf 5.4074402346494904e-05 4.648324358654433e-06
58736.37283559982 r.ztf 6.644481922084953e-05 1.68283590027001e-05
58744.36431710003 r.ztf 6.280758478693609e-05 1.3790526369120237e-05
58747.27775460016 g.ztf 4.537055804418263e-05 5.4920022169143e-06
58750.208715300076 g.ztf 3.825963815180565e-05 7.813703598482568e-06
58750.27934029978 r.ztf 5.702076265191887e-05 9.466243319284872e-06
58754.207939799875 r.ztf 6.18187821273957e-05 6.8680393377221185e-06
58754.255949100014 g.ztf 4.062627264532646e-05 4.626866500295708e-06
58757.19053239981 g.ztf 4.050687659317095e-05 4.298168316691376e-06
58757.28149309987 r.ztf 6.255832211356262e-05 9.17697868349692e-06
58760.25379629992 r.ztf 4.858262496850919e-05 8.239796741162654e-06
58764.24100690009 g.ztf 4.599981555765784e-05 8.159273228385606e-06
58767.18523149984 r.ztf 6.713858885128733e-05 2.599448707469661e-05
58770.24187499983 r.ztf 3.9654779825241454e-05 1.8106975364053425e-05
58775.206736099906 r.ztf 5.039398911333478e-05 9.015859837471857e-06
58778.10702549992 g.ztf 3.4653860270768814e-05 4.7942576688271245e-06
58781.099687499925 r.ztf 4.6654263527903666e-05 1.0937569836407573e-05
58781.12262730021 g.ztf 2.6147979579700835e-05 7.405134503647487e-06
58785.08805559995 r.ztf 2.6696875199770766e-05 8.807002263444397e-06
58788.09888890013 r.ztf 4.4465679272943424e-05 9.912254652776341e-06
58788.10621530004 g.ztf 3.131386549411874e-05 5.663780846760349e-06
58791.10393519979 r.ztf 3.5686921060800977e-05 1.0561936966402254e-05
58794.15004630014 g.ztf 3.144842722409924e-05 8.429587274932328e-06
58797.08722219989 r.ztf 4.857600820392642e-05 1.260409047960755e-05
58801.0753008998 r.ztf -3.112074059628551e-06 1.8645477690532145e-05
58805.08959490014 g.ztf 2.6078580809003014e-05 7.0722448131688455e-06
58811.11163190007 r.ztf 4.648069285536578e-05 1.813069445097041e-05
58814.130358799826 r.ztf 4.1650298156570555e-05 2.1115149155131426e-05
58829.092395800166 g.ztf 3.8441138459338464e-05 1.7291069904514232e-05
58833.124479200225 g.ztf 1.892738460306784e-05 8.710697110251983e-06
58837.09163190005 r.ztf 4.014792247526934e-05 1.110590270683297e-05
58837.117418999784 g.ztf 2.0166256232474952e-05 8.024356563171348e-06
58846.082939799875 r.ztf 3.185567699661807e-05 1.3521762226972945e-05
58846.08777779993 r.ztf 2.7411755048758002e-05 1.2048306571444e-05
58846.09260419989 r.ztf 2.3766565593735023e-05 1.2310953402978533e-05
58852.07796300016 r.ztf 2.094732150586757e-05 2.01698649675703e-05
58852.08795139985 r.ztf 3.989253227458414e-05 1.539879803029531e-05
58852.09293980012 r.ztf 2.1801253594999658e-05 1.3487467535248892e-05
58854.07856479986 r.ztf 1.9195926777553035e-05 2.4248536977722188e-05
58854.08342589997 r.ztf 4.577884250460126e-05 1.7655224315016787e-05
58854.08828700008 r.ztf 3.219411321473524e-05 1.634867126464392e-05
58854.09314810019 r.ztf 4.078169183675639e-05 1.700117807064901e-05
58941.48609950021 g.ztf 8.367537531911024e-06 8.152845061967186e-06
58964.45402779989 r.ztf 2.9158634884881522e-05 7.59441329906405e-06
58964.47549769981 g.ztf 6.6705788502705595e-06 4.249564047158143e-06
58967.442291699816 g.ztf 1.567663330781972e-05 4.2633490508763676e-06
58970.42248839978 r.ztf 2.9875720449778057e-05 7.3658507579133294e-06
58970.477928199805 g.ztf 2.003574101332697e-05 3.594964279101129e-06
58975.44113430008 r.ztf 2.691949490090287e-05 1.1826300933635661e-05
58986.42417819984 g.ztf 1.773040688998017e-05 3.5723018168786873e-06
58986.46611109981 r.ztf 2.911766405934976e-05 6.212647734306964e-06
58992.45307870023 r.ztf 3.435884491601233e-05 6.82034389531944e-06
58992.46577550005 g.ztf 1.2953983864328539e-05 3.176305769261218e-06
58995.3519791998 g.ztf 2.181675928097566e-05 4.327789480382523e-06
58995.45902779978 r.ztf 3.87507834928256e-05 5.886860047633708e-06
58996.48349539982 r.ztf 2.154128266123969e-05 6.8935743401626846e-06
58997.48199070012 r.ztf 3.703353560946232e-05 7.537398114594547e-06
58998.4241204001 g.ztf 1.521443624064043e-05 2.992149273534243e-06
58998.46464119991 r.ztf 2.6734536512558313e-05 5.350336995640934e-06
59001.40130789997 g.ztf 1.7140496994506654e-05 6.06761101309872e-06
59001.450648100115 r.ztf 3.709473847461253e-05 6.990734928159127e-06
59010.46379629988 g.ztf 2.410451987727891e-05 7.094605102235744e-06
59013.37437500013 r.ztf 2.893840680667072e-05 7.294292706208361e-06
59013.3898494998 g.ztf 9.780232120226394e-06 4.7498495058716724e-06
59016.46050930023 r.ztf 3.15359457014981e-05 5.6484628816916445e-06
59019.33793980023 g.ztf 1.6588573553091666e-05 3.301654635694414e-06
59019.38928239979 r.ztf 2.5483993307134454e-05 5.079388406091104e-06
59020.48032409977 r.ztf 2.2452432984374345e-05 7.907389944301757e-06
59022.356527800206 g.ztf 1.2294632531259683e-05 3.684709976384632e-06
59022.46086810017 r.ztf 3.329032276132218e-05 5.605297798834421e-06
59025.37716440018 r.ztf 3.430983955912769e-05 6.489182567011528e-06
59028.460833299905 r.ztf 3.351628042716081e-05 8.664808361300012e-06
59031.335763900075 g.ztf 2.027654812963662e-05 6.333041165817407e-06
59034.247824099846 g.ztf 3.52244328085757e-05 1.7291086901683214e-05
59034.37677079998 r.ztf 2.8972302812561928e-05 1.1496553925141934e-05
59040.26417820016 g.ztf 1.2265495291897248e-05 4.460320024476935e-06
59040.35831019981 r.ztf 2.3651619469313252e-05 8.501920188862837e-06
59043.337789400015 g.ztf 1.281062420120657e-05 3.530741409641803e-06
59043.378923600074 r.ztf 2.6807315504163972e-05 5.827548641693369e-06
59046.35704859998 g.ztf 1.4040349385362013e-05 3.2849004278053365e-06
59046.378645800054 r.ztf 2.7858384823244824e-05 5.569926539155145e-06
59046.43659720011 r.ztf 3.276572794864438e-05 6.181003806784278e-06
59048.34438659996 r.ztf 1.7683717262191342e-05 5.733964917194427e-06
59049.33270830009 g.ztf 2.149248421808052e-05 3.333524615735964e-06
59051.36577549996 r.ztf 4.047325683841874e-05 6.416581089303571e-06
59052.357731500175 r.ztf 2.9412374228998558e-05 4.9272603475635485e-06
59054.3620023001 r.ztf 4.19036184478925e-05 5.7754792818596865e-06
59055.337245400064 r.ztf 2.3585146140978664e-05 5.265670984880983e-06
59055.372777800076 r.ztf 3.130599517466644e-05 5.470505127110605e-06
59055.379745400045 g.ztf 1.7238901574830485e-05 3.332362140548224e-06
59056.36822920013 r.ztf 2.2611289377969775e-05 6.400778462404241e-06
59057.349351900164 r.ztf 3.420016383564141e-05 5.929690955504041e-06
59059.32539349981 r.ztf 2.5936435848415797e-05 7.747376552639608e-06
59059.37494210014 r.ztf 2.7727928790593515e-05 7.406216375386622e-06
59060.3277083002 g.ztf 1.6138031236385918e-05 5.807715660190446e-06
59062.31334490003 r.ztf 3.240187192001278e-05 1.1215133074466884e-05
59062.415428199805 g.ztf 1.4208035311818455e-05 8.020363633432364e-06
59063.311770800035 r.ztf 3.686400772118e-05 1.2923313747372546e-05
59066.31417819997 g.ztf 1.4391134648753478e-05 1.1396496372054984e-05
59066.39520830009 g.ztf 2.069289744505033e-05 1.168887514903017e-05
59066.44976849994 r.ztf 2.5854599693736337e-05 1.8251073108952552e-05
59069.35453699995 g.ztf 6.6218716504020505e-06 5.470769253663502e-06
59072.317893499974 r.ztf 2.436206794425149e-05 6.587201733384118e-06
59072.340185199864 g.ztf 1.5035381083071157e-05 4.08999215877552e-06
59075.33646989986 g.ztf 8.793969601047359e-06 3.6543655402978884e-06
59078.291909699794 r.ztf 3.0868666239323405e-05 6.627704927986233e-06
59078.31130790012 r.ztf 3.484289953809476e-05 6.19249681159308e-06
59078.373969899956 g.ztf 1.7552176879416398e-05 4.407313163195812e-06
59079.31200229982 r.ztf 2.8832987576656227e-05 6.395195688547497e-06
59080.33310189983 r.ztf 3.256650750547898e-05 8.054847015919325e-06
59081.295509300195 g.ztf 1.2132360781525762e-05 3.849434650204118e-06
59081.3453819002 g.ztf 2.1119345777528804e-05 4.681828646032167e-06
59081.36597219994 r.ztf 2.580226748516376e-05 7.841281277660279e-06
59085.214213000145 r.ztf 2.1677450806727237e-05 9.649182112068833e-06
59085.25421300018 g.ztf 1.697122522308273e-05 3.332794485611838e-06
59087.265856499784 r.ztf 2.1678686097550238e-05 8.010739510383713e-06
59088.3203125 g.ztf 1.3400190642868136e-05 5.759336529983985e-06
59088.36376160011 r.ztf 2.5493020252746574e-05 8.930384119605856e-06
59089.31819440005 g.ztf 7.5196294375433444e-06 8.1696488619685e-06
59091.29920140002 g.ztf 1.8709361853391313e-05 8.399248713262401e-06
59096.294097200036 r.ztf 3.706982505409424e-05 1.0047757824159913e-05
59096.31940970011 r.ztf 2.2103151738128174e-05 1.094935449280204e-05
59097.2704977002 r.ztf 2.3892078516001915e-05 1.0188690230868085e-05
59097.317291699816 g.ztf 1.6862290319611242e-05 9.259433143349012e-06
59097.33368059993 g.ztf 4.290588725000172e-06 8.87863486429696e-06
59098.22716439981 g.ztf 1.7030309437217567e-05 6.692959157060863e-06
59098.31107639987 r.ztf 2.754287828764078e-05 9.633947320582783e-06
59099.211666699965 r.ztf 2.7688931805918683e-05 7.667111445087162e-06
59099.36312500015 g.ztf 1.801409937202791e-05 8.085048646348185e-06
59106.21064809989 r.ztf 3.0679181764938335e-05 8.921726303415791e-06
59106.27729169978 g.ztf 2.115876204585818e-05 7.885735481407217e-06
59107.25659719994 r.ztf 2.6692593353755633e-05 8.986396612129969e-06
59107.26947919978 r.ztf 2.2082444089496462e-05 1.0174220759041379e-05
59108.285786999855 g.ztf 1.5587287280905077e-05 5.3157734648591916e-06
59109.18561339984 r.ztf 3.5337037645370684e-05 9.083152625319898e-06
59109.22593750013 g.ztf 1.0558506367674783e-05 4.353442253654003e-06
59110.16631940007 g.ztf 1.702020517460458e-05 4.598029522647873e-06
59110.23483800003 r.ztf 3.0555846662762883e-05 1.1717688644973314e-05
59110.249895799905 r.ztf 2.0458128206441584e-05 9.640291530171478e-06
59110.307685200125 g.ztf 1.162198826174212e-05 8.302928464832714e-06
59111.16709489981 g.ztf 1.5580084624745033e-05 4.083159651252977e-06
59111.24569439981 r.ztf 2.6067180169674593e-05 6.730776633206474e-06
59113.146574100014 r.ztf 2.4183124951448967e-05 6.1280516300692415e-06
59113.19629629981 g.ztf 1.8643024464917567e-05 3.224691292198789e-06
59113.197233799845 g.ztf 1.7388592180199927e-05 3.382171875543957e-06
59114.22756939987 g.ztf 1.2984734288613601e-05 3.2894727050273803e-06
59114.280451400205 r.ztf 2.0228035772687198e-05 5.9515414033191485e-06
59115.243564799894 g.ztf 1.3819171384478948e-05 3.5775164052627396e-06
59117.22957180021 g.ztf 1.7118354296964665e-05 4.808289015469961e-06
59117.27861109981 g.ztf 1.392223949263631e-05 4.751139177349914e-06
59121.19957179995 r.ztf 1.859535242933768e-05 1.1249460735508453e-05
59122.26997689996 g.ztf 1.958746095097629e-05 1.3140737845655611e-05
59123.170925899874 g.ztf 1.9534054928865933e-05 1.1227649188257102e-05
59123.17185189994 g.ztf 1.0534405678348512e-05 1.2088603344724318e-05
59123.288587999996 r.ztf 4.561659799640954e-05 2.172178917840575e-05
59123.28952550003 r.ztf 3.447710495031999e-05 2.2512408178554325e-05
59124.12768519996 g.ztf 2.3927688282830835e-05 1.0682781107168716e-05
59124.236273100134 r.ztf 3.2989550954517786e-05 1.3452084166302343e-05
59125.20697919978 g.ztf 7.456689643759905e-06 7.415915816601532e-06
59125.207916699816 g.ztf 1.3846056825594075e-05 8.100732187789106e-06
59125.257962999865 r.ztf 3.4936360512822536e-05 1.0890157671864159e-05
59125.26831019996 r.ztf 1.8858753093670644e-05 1.0862291101341334e-05
59128.16692129988 g.ztf 1.5482987992764998e-05 4.2216928928906134e-06
59128.24620370008 r.ztf 9.275784388873536e-06 1.0167402415768205e-05
59128.24815970007 r.ztf 2.033542147386331e-05 9.783537565292284e-06
59129.19866900006 r.ztf 1.214753508401553e-05 7.706073903020243e-06
59130.18605320016 g.ztf 2.4111614635062345e-05 3.94843974245163e-06
59130.186979200225 g.ztf 1.770843700544075e-05 3.5685033292108124e-06
59130.20334490016 r.ztf 2.550815778100024e-05 5.834248374952338e-06
59130.204768499825 r.ztf 2.2704442411943466e-05 6.05228732099748e-06
59131.18754629977 g.ztf 1.067466144071826e-05 3.5522718646200504e-06
59134.15122690005 r.ztf 2.463580375703178e-05 6.818436420131211e-06
59135.18334490014 r.ztf 1.2139330065508428e-05 7.63661101869079e-06
59135.18427080009 r.ztf 3.183759796537481e-05 6.512122618386193e-06
59135.22712960001 g.ztf 8.633229253205373e-06 3.795467306487101e-06
59135.22805560008 g.ztf 9.23609415429821e-06 3.902992236682898e-06
59136.13182870019 g.ztf 1.3373564720570034e-05 4.201073895662337e-06
59136.15160880005 r.ztf 3.2765498190998135e-05 6.299237524141168e-06
59137.178611100186 r.ztf 1.903658942693596e-05 6.620174878697164e-06
59137.17954860022 r.ztf 2.365801181352151e-05 5.9725278082237514e-06
59137.21358799981 g.ztf 8.393125415173514e-06 3.989029512997886e-06
59137.22600689996 g.ztf 1.0658196506361857e-05 4.752785084155893e-06
59138.1175694 r.ztf 2.9256980829517315e-05 6.627100236477414e-06
59138.20754629979 g.ztf 1.4158647582360778e-05 5.6667067709344875e-06
59139.19739580015 g.ztf 1.346420190369909e-05 3.726650592256582e-06
59139.24651619978 r.ztf 2.2363342315013462e-05 7.93300823290668e-06
59139.24745369982 r.ztf 2.4227689112785163e-05 7.672324839340746e-06
59140.11540509993 r.ztf 2.1499096500671212e-05 5.625476156552419e-06
59140.158425900154 g.ztf 1.1477285268190652e-05 3.359113613819287e-06
59141.16151619982 r.ztf 2.9395455683037523e-05 1.0451278280326348e-05
59141.207071799785 g.ztf 1.2254561201823272e-05 4.0761366567893735e-06
59141.20800929982 g.ztf 1.3360289224756972e-05 3.814063845793101e-06
59142.11493059993 g.ztf 8.025241214466384e-06 4.443097414710564e-06
59142.130358799826 r.ztf 2.2895068014574967e-05 6.123886555377654e-06
59143.13628470013 r.ztf 1.9387725811014917e-05 6.17142222276604e-06
59143.196064800024 g.ztf 1.069579352512171e-05 3.7997888167696964e-06
59143.19700230006 g.ztf 1.120113843807882e-05 3.3444780978165173e-06
59144.15688659996 g.ztf 1.6901194522734678e-05 7.4753707437516485e-06
59145.15155090019 r.ztf 2.0432922490436622e-05 7.880523068279382e-06
59145.16083330009 r.ztf 1.8521025215816198e-05 6.7682597415554804e-06
59145.190543999895 g.ztf 1.2460469687103305e-05 4.4040654971791775e-06
59145.19148149993 g.ztf 1.7211991032220523e-05 5.844824409865416e-06
59147.279930599965 r.ztf 3.174804851237752e-05 2.765281602174813e-05
59149.11857639998 r.ztf 3.5142105410080394e-05 1.9815905925962528e-05
59149.17273150012 g.ztf 2.4947484804072447e-05 1.2413524303495845e-05
59150.23170140013 r.ztf 1.6124255819816286e-05 1.8445242839304154e-05
59151.114062500186 r.ztf 2.350012379112194e-05 1.0458717897010377e-05
59152.20057869982 r.ztf 1.7984623083113516e-05 1.133732779234411e-05
59152.241157399956 g.ztf 1.1255515988723863e-05 1.3409322444993737e-05
59154.15140049998 r.ztf 3.139699666354148e-05 1.0143206240646676e-05
59155.14815969998 g.ztf 1.689824491620475e-05 7.740520532369172e-06
59156.11737270001 g.ztf 8.238768208187053e-06 5.42895144567333e-06
59156.11829859996 g.ztf 1.4340411007409926e-05 5.122607756808124e-06
59156.16466439981 r.ztf 2.3035517087866858e-05 8.436418880046563e-06
59157.16576390015 g.ztf 1.4589419807513063e-05 5.844850927747003e-06
59158.11994209979 r.ztf 2.994231795860241e-05 8.444993272678861e-06
59158.120879599825 r.ztf 1.9625229771501622e-05 8.578516776373975e-06
59158.156365700066 g.ztf 6.8564738902535935e-06 6.128887562687734e-06
59158.15729170013 g.ztf 1.4346392609174105e-05 5.57842394747776e-06
59164.130891200155 r.ztf 3.4466967510113284e-05 8.282427905226697e-06
59164.13182870019 r.ztf 1.590601843160507e-05 7.926681415630932e-06
59165.09694440011 r.ztf 2.4822308008560376e-05 7.02887325716562e-06
59165.15479170019 g.ztf 1.0491190738557425e-05 4.167408382715896e-06
59167.10189810023 r.ztf 3.5813078088956516e-05 1.0089598180197242e-05
59167.102858799975 r.ztf 2.044574409950603e-05 8.46855099220534e-06
59167.13077550009 g.ztf 1.892562485269168e-05 4.714470125503288e-06
59167.131713000126 g.ztf 1.0799126065009527e-05 4.663871648103559e-06
59168.11245370004 r.ztf 3.0121679306508802e-05 8.707457213762056e-06
59168.16256939992 g.ztf 6.95012969863764e-06 4.515403863330245e-06
59169.11853010021 g.ztf 1.3171011092234586e-05 5.221749835548998e-06
59169.13260419993 r.ztf 2.5503745152566095e-05 1.0555142177115157e-05
59170.117581000086 r.ztf 2.3785695471886193e-05 6.785931151756683e-06
59170.164791699965 g.ztf 7.088180876455753e-06 5.32135602228448e-06
59171.13133100001 g.ztf 1.2841833453327722e-05 3.89041754360969e-06
59173.080891199876 r.ztf 1.9453691046103612e-05 7.879793186284456e-06
59177.0933681 r.ztf 1.0651264264059749e-05 1.1430081230563113e-05
59178.121157399844 g.ztf 8.221502474183443e-06 6.750977994262817e-06
59182.13956019981 g.ztf 2.2731052597040726e-05 1.1697479963424438e-05
59184.14995370014 g.ztf -5.362554475441423e-07 1.283302558326086e-05
59185.14083330007 r.ztf 2.835678698295629e-05 1.2188002060906732e-05
59188.134178199805 g.ztf 1.4861277163479595e-05 7.022851379747358e-06
59189.12506939983 g.ztf 1.4334478539429895e-05 6.3394200745841796e-06
59189.18379630009 r.ztf 1.8973972202444898e-05 1.3144943996878815e-05
59195.09809029987 r.ztf 2.7743012619616413e-05 2.856299314072214e-05
59195.09902779991 r.ztf 3.279243027329806e-05 1.6492356429357523e-05
59200.099965299945 r.ztf 1.833986979874672e-05 1.854241246690592e-05
59203.12021989981 r.ztf 1.9419694139769872e-05 1.6216619249224593e-05
59204.13482639985 r.ztf 2.5442271877825532e-05 1.9007870858523287e-05
59216.0965741002 r.ztf -4.778428106492525e-06 4.818389118829377e-05
59218.07929399982 r.ztf 1.926892552109421e-05 2.310306715390784e-05
59218.081747699995 r.ztf 8.044119912149882e-06 1.8965316683244185e-05
59218.08418980008 r.ztf 2.762511274845931e-05 2.328885479509197e-05
59219.07932869997 r.ztf 2.0362170569053987e-05 1.8279413474673972e-05
59219.08178240014 r.ztf 1.435665172742927e-05 1.470633970973686e-05
59219.08422450023 r.ztf 2.5449825996049063e-06 1.5227437311436387e-05
59219.086678199936 r.ztf 9.02878036402959e-06 1.3571216873289448e-05
59220.09312500013 r.ztf 2.996888802029368e-05 1.447027109654749e-05
59220.09807869978 r.ztf 2.7321992499186875e-05 1.6214902988584396e-05
59275.5505903 r.ztf 5.2012960825981965e-05 2.7269632928889267e-05
59275.55296299979 r.ztf 2.3086996990735072e-05 3.2010247739907616e-05
59276.549340299796 r.ztf 2.793326004333476e-05 2.570037778218453e-05
59276.551689799875 r.ztf 1.0427066731022111e-05 2.854419459321795e-05
59278.55070600007 r.ztf 2.4133740334586676e-05 3.21834301662588e-05
59278.553090299945 r.ztf 2.702801559007846e-05 3.958561181891923e-05
59280.540856500156 r.ztf 3.0355530018849817e-05 4.4309548928704357e-05
59280.54572919989 r.ztf 4.4287950867902026e-05 2.0768456754132453e-05
59280.54815969989 r.ztf 1.7896622460831898e-05 2.6495352641421306e-05
59280.5505903 r.ztf 1.795047732768331e-05 4.089832130252134e-05
59282.543599499855 r.ztf 1.4511059799227455e-05 1.2963208492056679e-05
59282.548460599966 r.ztf 1.6009533428569042e-05 1.4374107699148533e-05
59295.517419000156 r.ztf 1.8985631426394036e-05 1.5885191898605714e-05
59295.51984950015 r.ztf 2.944348572483905e-05 1.327977706232058e-05
59295.52472219989 r.ztf 3.848791677096405e-05 1.3066274268409297e-05
59295.5271528 r.ztf 2.202535763797688e-05 1.3558981151891467e-05
59317.4430670999 r.ztf 2.808875568455606e-05 1.0879715300498343e-05
59317.49399309978 g.ztf 1.0776882661957974e-05 5.276320875193462e-06
59321.49034720007 r.ztf 1.1538979846741041e-05 6.445923642171259e-06
59325.44407409988 g.ztf 1.127259170998307e-05 5.850132473655423e-06
59325.48260420002 r.ztf 2.3218981342888377e-05 7.966852804670665e-06
59329.44741899986 r.ztf 1.912671967393744e-05 1.5859629815282153e-05
59329.474988400005 g.ztf 1.3150488575585344e-06 1.137225863952874e-05
59335.4771412001 r.ztf 2.405836715451889e-05 1.4162688325193197e-05
59340.422280100174 r.ztf 1.3946515065262688e-05 7.188354877326933e-06
59340.44398149988 g.ztf 9.715786069453657e-06 4.662543181793388e-06
59342.44487270014 r.ztf 1.8892723284768373e-05 6.093372005003124e-06
59342.466608799994 g.ztf 6.07570976888538e-06 3.1203579231182206e-06
59345.42567129992 g.ztf 1.2423218522075224e-05 4.876245697866027e-06
59349.461064800154 r.ztf 2.176795854056226e-05 8.108882634397015e-06
59353.40582180023 g.ztf 6.455363011804177e-06 5.8327252973222035e-06
59353.4618286998 r.ztf 3.1959493976473594e-05 6.7236845862783845e-06
59356.38075229991 r.ztf 2.886676808961247e-05 1.3422453922125107e-05
59356.447800899856 g.ztf 1.0085939252468009e-05 4.449740411190659e-06
59359.42099539982 r.ztf 1.8763135762740205e-05 1.282185201451563e-05
59359.45989579987 g.ztf 1.5790973703558107e-05 8.52959264678894e-06
59364.3831944 g.ztf 6.257116243669973e-06 8.83336031556202e-06
59364.44796299981 r.ztf 2.0013670685633515e-05 9.772706961481688e-06
59367.399236099795 r.ztf 2.0520228507296025e-05 7.981649459910595e-06
59367.44090279983 g.ztf 1.1999966043710916e-05 6.031828008381103e-06
59369.40339120012 g.ztf 1.45969472401649e-05 3.6410407329488775e-06
59369.44222219987 r.ztf 1.5527607678264634e-05 6.241377063726015e-06
59371.408321800176 g.ztf 1.3809246632620901e-05 3.22427949291908e-06
59371.44193289988 r.ztf 2.0041405132932786e-05 5.161819710502115e-06
59374.40554400021 g.ztf 6.649410046744117e-06 3.413737121324592e-06
59376.38085650001 g.ztf 1.1019388055832599e-05 4.588504169706261e-06
59376.44126159977 r.ztf 1.573411328751399e-05 6.398512846869724e-06
59378.4025347 r.ztf 1.2340969607588455e-05 6.690555592209001e-06
59378.42298609996 g.ztf 1.5323833408343407e-05 3.097073626615769e-06
59382.42053239979 g.ztf 6.5659327287141346e-06 3.717969542525583e-06
59382.443460599985 r.ztf 2.01814487427498e-05 6.347053292346206e-06
59385.41439810023 g.ztf 9.590528015016516e-06 4.183825467415612e-06
59387.36172450008 g.ztf 5.389436534530533e-06 9.184297451575978e-06
59391.42041670019 g.ztf 2.1018477960902672e-05 9.714941450478658e-06
59393.33912040014 g.ztf 1.16738593211126e-06 9.726121235392869e-06
59396.39504629979 r.ztf 2.0550769896386015e-05 8.566704871291718e-06
59401.38231479982 g.ztf 1.0897227626563697e-05 3.914030409290266e-06
59403.3504050998 r.ztf 1.2803633377224862e-05 6.501793363887804e-06
59403.37826390006 g.ztf 1.3607287048289066e-05 3.3303355819304656e-06
59405.45609949995 g.ztf 3.920350892690707e-06 4.547901992230818e-06
59408.375393500086 g.ztf 1.1570441845240108e-05 4.480521043049249e-06
59410.37412039982 g.ztf 1.1668833397693357e-05 4.0659379360846125e-06
59410.39437500015 r.ztf 1.5509405918013737e-05 6.5748111792081974e-06
59412.35366899986 g.ztf 1.011373192860864e-05 3.932072800962199e-06
59415.37873840006 r.ztf 1.8948350514125102e-05 7.3160617770818165e-06
59415.434456000105 g.ztf 6.867322397440645e-06 3.418289062497483e-06
59426.327326400205 g.ztf 6.866678414956768e-06 4.281345689248354e-06
59428.2976505002 g.ztf 8.229813045053084e-06 3.590582035377443e-06
59430.3108680998 g.ztf 1.3154618743169542e-05 4.0368063172013135e-06
59430.340057900175 r.ztf 9.872040739293847e-06 5.817867482896882e-06
59435.384108799975 g.ztf 9.652532200448318e-06 3.3120331715134366e-06
59438.319837999996 r.ztf 2.054848397668775e-05 6.348310904851064e-06
59438.37037040014 g.ztf 1.335783195314737e-05 4.389103861785399e-06
59440.289780099876 g.ztf 7.092230801759671e-06 3.4229054504508934e-06
59442.29533560015 g.ztf 3.975782869352854e-06 5.221828885670844e-06
59442.34806710016 r.ztf 1.8914766739285028e-05 6.452727302089758e-06
59453.21266200021 g.ztf 1.3486834650695219e-05 3.7343024728545843e-06
59453.27431710018 r.ztf 3.17709645796388e-06 6.9984139159807875e-06
59455.23403939977 g.ztf 9.294494745219283e-06 3.416103854186153e-06
59455.25347220013 r.ztf 1.869796299460683e-05 6.1096186232522915e-06
59459.23487270018 r.ztf 1.7104869010961834e-05 5.9441915983376485e-06
59461.226956000086 g.ztf 9.068231386075436e-06 4.2042459257412326e-06
59463.213993099984 g.ztf 1.0088957951250599e-05 3.6064294445189953e-06
59465.19083329989 r.ztf 2.237642496580414e-05 6.814939115880935e-06
59469.19190970017 r.ztf 1.8812595170946102e-05 7.515179262584774e-06
59469.2364236 g.ztf 1.103129239348255e-05 3.1995869429596046e-06
59471.26129630022 g.ztf 1.0710765393934273e-05 5.782981723430424e-06
59473.37469909992 g.ztf 7.552469830908016e-06 4.6987376625420495e-06
59484.19221059978 g.ztf 9.633787566816395e-06 2.886727930565183e-06
59487.21686339984 g.ztf 7.99143648463109e-06 4.9595408487379585e-06
59490.14988429984 r.ztf 1.1477676440182946e-05 6.543533792519708e-06
59502.185046299826 r.ztf 2.473638836670113e-05 1.1375154812550243e-05
59510.129965300206 r.ztf -5.660993584459694e-06 1.4105882248913863e-05
59512.143194399774 r.ztf 1.5021258202616805e-05 6.235313354146375e-06
59512.1863425998 g.ztf 1.1944113300840989e-05 4.647566384509938e-06
59522.13200230012 g.ztf 7.449141592332846e-06 3.805030640517477e-06
59522.15356480004 r.ztf 1.1220148271472868e-05 6.2815735032283315e-06
59524.12531250017 g.ztf 7.0734027941241035e-06 3.2227203446422434e-06
59526.11697919993 r.ztf 1.3391738471812364e-05 6.4196921592725334e-06
59526.17620369978 g.ztf 7.696334364953213e-06 3.582726355534762e-06
59529.145393500105 r.ztf 1.8461822688082617e-05 9.98470200492448e-06
59529.22746529989 g.ztf 9.6968869983514e-06 9.349668276118779e-06
59537.11041670013 g.ztf 4.5651695277812876e-05 3.476271247137579e-05
59540.1389583 r.ztf 2.683915279140784e-05 1.5488837900129063e-05
59542.15192130022 r.ztf 1.7607375765373847e-05 9.132566058007188e-06
59641.54600689979 r.ztf -9.132820784584953e-06 1.2817579073934967e-05
59641.548402800225 r.ztf 2.019158920623746e-05 1.4635051637553948e-05
59641.55081020016 r.ztf 1.2939535111303935e-05 1.8485535233168e-05
59641.55320600001 r.ztf 2.0641645186326566e-05 1.8959427347429524e-05
59673.471817099955 g.ztf -4.434018191010183e-06 1.0113522448984966e-05
59683.46869210014 g.ztf 8.370152773890709e-06 1.253874633365052e-05
59689.47538190009 g.ztf 1.2681717396660634e-05 1.2760614595224414e-05
59694.477638899814 r.ztf 3.3794149916767366e-06 1.4136565564603698e-05
59697.46664350014 g.ztf 1.0298321200835378e-05 4.114413567629303e-06
59700.46646990022 g.ztf 8.118611876715742e-06 5.860613997538737e-06
59702.47135420004 g.ztf 6.453360858077749e-06 4.392093904773605e-06
59708.38619210012 r.ztf 1.2646308972936578e-05 1.4214462703466745e-05
59708.47052079998 r.ztf 1.665020384929015e-05 8.26465701002868e-06
59710.46266200021 g.ztf 6.394773316763526e-06 5.4383718542433814e-06
59712.40606479999 r.ztf 1.69755789894286e-05 1.2000139648417437e-05
59712.46207180014 g.ztf 7.712025500077183e-06 6.244346600364977e-06
59714.46027779998 g.ztf 1.4774257860611469e-05 9.816136624588662e-06
59718.45833329996 r.ztf 1.3863628300484342e-05 1.1320574261806044e-05
59721.42997690011 r.ztf 1.4250889906876885e-05 7.947542393230609e-06
59723.423796299845 g.ztf 8.965837193814262e-06 5.219765464645637e-06
59723.4521643999 r.ztf 1.6394280349884955e-05 7.486187389525906e-06
59725.457870400045 g.ztf 1.0721832828309696e-05 3.100160820517061e-06
59727.41302079987 r.ztf 7.620232008475121e-06 7.497342166438258e-06
59727.445543999784 g.ztf 7.658310285755215e-06 4.451764446413262e-06
59731.458194400184 r.ztf 1.30473323552733e-05 6.8303080367838295e-06
59735.40436339984 r.ztf 1.7601420766630142e-05 5.356912841782384e-06
59735.445995400194 g.ztf 1.023583852337251e-05 3.4829201592594226e-06
59737.42097220011 g.ztf 1.613020734194136e-05 3.435009372286812e-06
59739.40450230008 g.ztf 9.642795242442568e-06 3.357764910208865e-06
59743.421076400205 g.ztf 1.0492219331203245e-05 9.177550923532477e-06
59748.36380789988 r.ztf 2.7852473416987775e-07 1.0169969920801353e-05
59748.39931710018 g.ztf -1.078753637915943e-05 8.046217323120546e-06
59750.403680600226 g.ztf 1.4994037799053571e-05 6.300547471984042e-06
59752.41560189985 r.ztf 1.307493562869029e-05 7.422373571717329e-06
59752.435300900135 g.ztf 5.244584858415296e-06 4.362729516889865e-06
59755.36030089995 r.ztf 1.3378268270766607e-05 6.121487780248091e-06
59755.41207179986 g.ztf 1.1132766205204297e-05 3.6588836611083077e-06
59757.4031134001 g.ztf 9.733552119044445e-06 3.4916280607967174e-06
59759.40081019979 r.ztf 1.0569784000158744e-05 6.325261225525146e-06
59761.416493100114 r.ztf 1.0011155159527202e-05 5.280260450461806e-06
59764.372858799994 r.ztf 1.0430558816787815e-05 5.44284676586682e-06
59764.39962959988 g.ztf 9.814033881860816e-06 3.867935611693925e-06
59766.36081020022 r.ztf 1.2979059159117259e-05 5.76343545533268e-06
59766.40027779993 g.ztf 5.64780263256207e-06 3.5276926014020944e-06
59769.35765049979 g.ztf 1.0134869588388081e-05 4.901278151522265e-06
59769.39899310004 g.ztf 9.326471889560364e-06 3.460493932542584e-06
59771.378888899926 g.ztf -5.0144118353072464e-06 7.03422204195268e-06
59773.35804399988 r.ztf -9.00020426426106e-06 1.4013691157271107e-05
59773.37994210003 r.ztf -1.9192634404901997e-07 1.4299389497201519e-05
59778.37937500002 r.ztf 1.2800843580879664e-05 1.0163893053237105e-05
59782.35820600018 r.ztf 1.9268599251496694e-05 9.101312265841853e-06
59786.36171300011 r.ztf 2.671374309914043e-06 5.612954225080139e-06
59788.38628470013 r.ztf 1.3652288529683982e-05 6.252063677081295e-06
59790.316770799924 g.ztf 1.1285015980333731e-05 4.760262045858499e-06
59793.2954051001 g.ztf 1.1296182077704568e-05 3.4128694616302963e-06
59793.31687500002 r.ztf 1.0562691866510538e-05 6.84448195012773e-06
59795.31535879988 g.ztf 9.106775512568634e-06 3.504347613640818e-06
59798.33313659998 g.ztf 1.1486858040872384e-05 3.792321328570426e-06
59798.33890049998 r.ztf 1.4709462587139934e-05 6.407701765133035e-06
59800.414791699965 r.ztf 8.78125632940325e-06 7.459815303401854e-06
59805.31054400001 r.ztf -1.0374773807931366e-06 1.8435131350062245e-05
59807.2956019002 r.ztf -7.104531725718957e-07 7.897970398627162e-06
59811.330868099816 r.ztf 7.443755300549863e-06 6.413656747500769e-06
59815.25756940013 g.ztf 4.29280562073755e-06 3.709010848575718e-06
59817.28383099986 g.ztf 4.697940819198722e-06 3.3727560916994457e-06
59823.31482640002 g.ztf 5.9716075863825395e-06 3.796525182991073e-06
59827.28730319999 g.ztf 9.061982487428543e-06 5.5467785978010596e-06
59840.21459490014 g.ztf 8.856661682377133e-06 3.550692861873783e-06
59842.21192129981 r.ztf 9.69560799606983e-06 6.287893150396561e-06
59842.28851850005 g.ztf -3.695664101467493e-07 3.945719088647839e-06
59847.15221060021 g.ztf 1.1995962824983436e-05 4.318635224877251e-06
59849.208715300076 g.ztf 1.1950888379466437e-05 4.071462244278242e-06
59853.27681710012 g.ztf 6.780282236800438e-06 2.9831583827691344e-06
59857.1891319002 r.ztf -4.620918096492785e-06 1.5307660649182398e-05
59857.248680599965 g.ztf 1.4062261454967934e-05 7.742357556218615e-06
59859.1978703998 g.ztf -7.116955494199918e-06 1.0165502848155701e-05
59859.23734949995 r.ztf 1.3545202474510809e-05 1.37665303426384e-05
59864.143194399774 g.ztf 1.2332672030581157e-05 7.10226864479602e-06
59866.14957180014 r.ztf 3.560668457340814e-06 7.407419858555377e-06
59869.13070600014 g.ztf 5.041880027379974e-06 4.694445831640336e-06
59873.16244209977 r.ztf 2.451577901785784e-07 7.973318743460265e-06
59873.19841440022 g.ztf 1.2939999752231025e-05 4.782493807778361e-06
59877.12739579985 r.ztf 1.0420674661774387e-05 8.119396426469217e-06
59879.199560199864 g.ztf 1.216531531787157e-05 5.220112664701531e-06
59881.139525500126 g.ztf 7.646164753534137e-06 4.705484437241966e-06
59883.18237269996 g.ztf 7.538188456780794e-06 5.638810714429803e-06
59888.12471059989 r.ztf -3.200182851458711e-06 1.3437335454632414e-05
59890.14175930014 g.ztf 3.638002468182481e-06 7.5639291451541615e-06
59895.13809029991 r.ztf 9.484204866900446e-06 8.487689090207149e-06
59895.166516200174 g.ztf 5.2949786470880155e-06 7.3245434508105154e-06
59897.13454859983 g.ztf 5.021710042781429e-06 5.864161339468991e-06
59897.17151620006 r.ztf -2.7993634522589517e-09 9.966207740605579e-06
59903.179166700225 g.ztf 2.0527106481701842e-05 1.866286667713713e-05
59907.10165510001 r.ztf 1.1600071235525654e-05 1.080386167023702e-05
59907.11008099979 g.ztf 1.065651466725058e-05 6.491318885909325e-06
59914.18069439987 g.ztf -3.6726081646332217e-06 1.333934949286553e-05
59923.13194439979 r.ztf 1.9474482564559767e-05 1.3773698378445518e-05
59933.13454859983 r.ztf 2.6985906677711127e-05 4.006893491821783e-05
58620.207431 UVW2.uvot 0.00041304750199015766 1.7938425087824787e-05
58624.082121 UVW2.uvot 0.00036982817978026435 2.409215065963388e-05
58627.206135 UVW2.uvot 0.0003372873086588651 2.1972302544981596e-05
58630.323578 UVW2.uvot 0.000328095293113115 2.1373496300618366e-05
58633.585617 UVW2.uvot 0.00034040818970099807 1.847967479772735e-05
58636.198801 UVW2.uvot 0.0003104559588128311 1.6853663723299472e-05
58639.852783 UVW2.uvot 0.0002992264636608183 1.6244050250914658e-05
58642.438617 UVW2.uvot 0.00028840315031266115 1.565648709303785e-05
58645.426164 UVW2.uvot 0.0002857590543374943 1.5512947556583158e-05
58648.79502 UVW2.uvot 0.0002488857318282375 1.621345499361841e-05
58653.776044 UVW2.uvot 0.00023988329190194847 1.3022498746725404e-05
58675.554914 UVW2.uvot 0.00017218685749860092 1.1216970310185589e-05
58680.326873 UVW2.uvot 0.0001541700452949555 1.0043279991956033e-05
58693.597229 UVW2.uvot 0.00013182567385563993 1.0018953477519383e-05
58695.393151 UVW2.uvot 9.999999999999999e-05 1.0857362047581295e-05
58699.315026 UVW2.uvot 9.638290236239586e-05 8.371712529161681e-06
58703.509287 UVW2.uvot 0.00011376272858234239 8.646141922174511e-06
58707.421043 UVW2.uvot 9.817479430199703e-05 9.593273571152425e-06
58712.796357 UVW2.uvot 7.870457896950936e-05 6.836192869395327e-06
58729.279767 UVW2.uvot 6.66806769213619e-05 7.96373876004327e-06
58731.933607 UVW2.uvot 9.289663867799362e-05 1.2103349269563843e-05
58733.476729 UVW2.uvot 6.486344335482348e-05 7.746704769717095e-06
58761.066199 UVW2.uvot 4.7424198526024286e-05 7.2086237049878356e-06
58766.520058 UVW2.uvot 4.965923214503337e-05 4.852514361631629e-06
58771.43621 UVW2.uvot 4.87528490103385e-05 5.822600658119415e-06
58776.281374 UVW2.uvot 4.965923214503337e-05 7.548355673649201e-06
58786.493896 UVW2.uvot 4.87528490103385e-05 9.527891986013587e-06
58792.407423 UVW2.uvot 3.162277660168379e-05 7.21013862479953e-06
58817.376995 UVW2.uvot 4.3651583224016295e-05 6.161233559172521e-06
58929.322931 UVW2.uvot 1.137627285823424e-05 3.82900570839157e-06
58985.492206 UVW2.uvot 1.6292960326397213e-05 4.245565658173747e-06
59077.787517 UVW2.uvot 1.7378008287493547e-05 3.584907225220527e-06
59079.045645 UVW2.uvot 1.3931568029452977e-05 4.6890624175746696e-06
59169.491752 UVW2.uvot 1.4996848355023678e-05 2.930871818936989e-06
58620.212187 UVM2.uvot 0.00030478949896279456 1.6546049692699822e-05
58624.085167 UVM2.uvot 0.00029107171180665957 1.8961625741364872e-05
58627.209817 UVM2.uvot 0.00029107171180665957 1.8961625741364872e-05
58630.327262 UVM2.uvot 0.00028840315031266115 1.878778451164542e-05
58633.588431 UVM2.uvot 0.00027039583641088347 1.4678927460357633e-05
58636.201777 UVM2.uvot 0.00022080047330188878 1.4383864073495485e-05
58639.857329 UVM2.uvot 0.000229086765276777 1.2436389754596215e-05
58642.442922 UVM2.uvot 0.00023120647901755798 1.2551462252200673e-05
58645.429638 UVM2.uvot 0.00021677041048196873 1.1767774139027727e-05
58648.799189 UVM2.uvot 0.00020511621788255543 1.558914727567031e-05
58653.779441 UVM2.uvot 0.00018197008586099897 9.878575520111598e-06
58675.559024 UVM2.uvot 0.00013931568029452976 9.07560467917678e-06
58680.331352 UVM2.uvot 0.00010864256236170688 8.257001433365863e-06
58693.60144 UVM2.uvot 0.00010185913880541065 9.953293930786626e-06
58695.395322 UVM2.uvot 8.24138115012996e-05 1.2527152248670208e-05
58699.318727 UVM2.uvot 8.09095899178378e-05 9.663111819452281e-06
58703.511318 UVM2.uvot 8.472274141405911e-05 9.198654771960495e-06
58707.424374 UVM2.uvot 7.655966069112506e-05 9.974831452362272e-06
58712.800628 UVM2.uvot 5.915616341754767e-05 7.707358602842388e-06
58731.936176 UVM2.uvot 4.87528490103385e-05 8.99856465345728e-06
58733.479003 UVM2.uvot 6.194410750767735e-05 8.070595223101819e-06
58761.070157 UVM2.uvot 4.4463126746910836e-05 7.241283972880596e-06
58766.522436 UVM2.uvot 3.3113112148258805e-05 3.9547315182738904e-06
58771.442998 UVM2.uvot 3.767037989839062e-05 5.317012389347823e-06
58776.28495 UVM2.uvot 3.564511334262409e-05 6.966214214182927e-06
58786.496545 UVM2.uvot 3.908408957923977e-05 8.487002217238109e-06
58792.41076 UVM2.uvot 3.372873086588651e-05 6.957895805910839e-06
58817.383012 UVM2.uvot 3.1915378551007186e-05 5.1977522972084325e-06
58929.32951 UVM2.uvot 1.2359474334444967e-05 4.159929914572593e-06
58985.497005 UVM2.uvot 1.3304544179780873e-05 5.344733362403093e-06
59077.789201 UVM2.uvot 1.0471285480508897e-05 4.3202404274877215e-06
59079.049067 UVM2.uvot 1.1912420080273664e-05 5.432173222325161e-06
59169.497202 UVM2.uvot 1.541700452949555e-05 3.5151479971846116e-06
58620.203636 UVW1.uvot 0.0003019951720402019 1.967322551677243e-05
58624.07972 UVW1.uvot 0.00028840315031266115 2.818167676746813e-05
58627.203265 UVW1.uvot 0.00027039583641088347 2.3486283936572213e-05
58630.320571 UVW1.uvot 0.00027039583641088347 2.3486283936572213e-05
58633.58333 UVW1.uvot 0.0002606153549998876 1.6977571586356232e-05
58636.195169 UVW1.uvot 0.0002355049283896009 1.5341773629093615e-05
58639.849094 UVW1.uvot 0.0002443430552693961 1.5917526089231996e-05
58642.435175 UVW1.uvot 0.00021677041048196873 1.4121328966833272e-05
58645.423515 UVW1.uvot 0.00021478304741305197 1.632384115212427e-05
58648.791684 UVW1.uvot 0.00022284351492702983 1.9355941772146792e-05
58653.773271 UVW1.uvot 0.00017218685749860092 1.3086465361883189e-05
58675.551605 UVW1.uvot 0.00012705741052085288 1.2415574761677577e-05
58680.323238 UVW1.uvot 0.0001180320635651737 1.025213477880176e-05
58693.605618 UVW1.uvot 9.908319448927564e-05 9.682039038608795e-06
58695.39753 UVW1.uvot 8.24138115012996e-05 1.1632355659479477e-05
58699.322461 UVW1.uvot 7.58577575029182e-05 9.0597665105949e-06
58703.513328 UVW1.uvot 8.317637711026674e-05 9.030760400923195e-06
58707.427622 UVW1.uvot 9.638290236239586e-05 1.0464640661452104e-05
58712.804874 UVW1.uvot 6.854882264526591e-05 8.186853239346004e-06
58731.931495 UVW1.uvot 5.1050499997540435e-05 1.4965391551950302e-05
58733.474684 UVW1.uvot 8.09095899178378e-05 1.3176970662889474e-05
58761.062975 UVW1.uvot 4.7424198526024286e-05 1.287254233033542e-05
58766.518028 UVW1.uvot 4.4463126746910836e-05 7.241283972880596e-06
58771.430642 UVW1.uvot 4.92039535681443e-05 9.081827347049276e-06
58776.278443 UVW1.uvot 3.250872973854347e-05 1.1294689551306856e-05
58786.491744 UVW1.uvot 4.965923214503337e-05 1.6714216134508944e-05
58792.404697 UVW1.uvot 5.345643593969648e-05 1.392950109049491e-05
58817.37202 UVW1.uvot 2.0137242498623647e-05 9.838679960137388e-06
58929.335866 UVW1.uvot 2.2080047330188876e-05 6.95220096885615e-06
58985.501808 UVW1.uvot 1.8197008586099898e-05 7.310145884882583e-06
59077.790911 UVW1.uvot 1.2022644346174081e-05 5.221368097428731e-06
59079.052504 UVW1.uvot 1.9952623149688664e-05 6.715618453388771e-06
59169.502623 UVW1.uvot 1.3551894123510296e-05 4.119858986024339e-06
58620.204691 U.uvot 0.00028840315031266115 2.818167676746813e-05
58624.08051 U.uvot 0.00025351286304978865 4.1287214067756746e-05
58627.204213 U.uvot 0.0002754228703338152 3.88747556521775e-05
58630.321575 U.uvot 0.00028840315031266115 3.757556902329084e-05
58633.583989 U.uvot 0.00024210290467361603 2.6285988888125107e-05
58636.196374 U.uvot 0.00022284351492702983 2.419492721518349e-05
58639.85063 U.uvot 0.00021877616239495337 2.3753320025024487e-05
58642.436642 U.uvot 0.00021478304741305197 2.3319773074463242e-05
58645.424562 U.uvot 0.000175388050184176 2.4755270275696425e-05
58648.792792 U.uvot 0.00022490546058357642 3.1744440156440876e-05
58653.774099 U.uvot 0.00018030177408595696 2.15336180297969e-05
58675.552584 U.uvot 0.00012246161992650412 2.1273762311605616e-05
58680.324706 U.uvot 0.00010280162981264745 1.897462673727478e-05
58731.932193 U.uvot 7.379042301290985e-05 3.2847942870108804e-05
58733.475318 U.uvot 4.285485203974374e-05 2.3729822848642298e-05
58761.064045 U.uvot 2.8575905433749434e-05 3.071563616203465e-05
58766.518659 U.uvot 5.3951062251512666e-05 1.6401454040055544e-05
58771.432491 U.uvot 4.87528490103385e-05 1.9585111304583487e-05
58776.279415 U.uvot 3.698281797802644e-05 2.6501365725597277e-05
58792.405594 U.uvot 1.541700452949555e-05 2.96276759762703e-05
58817.373676 U.uvot 4.0926065973000924e-06 2.519459484613228e-05
58620.205321 B.uvot 0.0003221068791283402 4.896123406598055e-05
58624.080929 B.uvot 0.00023334580622809948 7.600559701509678e-05
58627.204715 B.uvot 0.00022080047330188878 6.71246990096456e-05
58630.322098 B.uvot 0.00021677041048196873 6.589953517855528e-05
58633.584382 B.uvot 0.00017218685749860092 4.673737629243995e-05
58636.197003 B.uvot 0.00018197008586099897 4.346573228849103e-05
58639.851304 B.uvot 0.00017218685749860092 4.299838618904476e-05
58642.437283 B.uvot 0.00012022644346174081 4.307628680378703e-05
58645.425051 B.uvot 0.00014859356422870088 4.84000237431459e-05
58648.793373 B.uvot 0.0001541700452949555 6.025967995173619e-05
58653.774571 B.uvot 0.00014060475241299127 4.2744707671634525e-05
58675.553147 B.uvot 0.00014588142602753413 4.4348848835154844e-05
58680.325371 B.uvot 5.8076441752130634e-05 3.972508813590338e-05
58731.932566 B.uvot 6.54636174067268e-05 6.96546951226594e-05
58733.475673 B.uvot 1.5275660582380638e-05 5.158040038970953e-05
58766.519014 B.uvot 2.4210290467361603e-05 3.70632443322564e-05
58771.433444 B.uvot 0.00011481536214968886 4.6123902352883344e-05
58776.279929 B.uvot 2.5118864315095717e-05 5.754489146363657e-05
58786.492839 B.uvot 5.1522864458175614e-05 9.286079726304459e-05
58792.406071 B.uvot 4.4874538993312945e-05 6.772345720304969e-05
